date	미국성장주	미국가치주	미국배당주	미국리츠	미국주식모멘텀	유럽주식	일본주식	중국주식	신흥국주식	원자재	금	하이일드채권	신흥국채권	미국회사채	미국채권	한국주식
2000-12-29	12.14560461	15.41518965	9.52284473	0.605646009	12.563095	31.951887	10.1174	1.286421	2.461383634	3.930528366	50.25238	3.711884239	3.487082596	15.35416263	77.44687054	0.465927
2001-01-31	12.18574835	16.08870513	9.234242039	0.597199487	12.701965	31.237431	9.73974	1.327449	3.104718069	3.782801931	50.80786	3.927034275	3.501665364	15.81079101	76.76050936	0.578589
2001-02-28	11.11139838	16.41715556	9.677276977	0.659419089	12.62175	31.009793	10.1319	1.385755	2.852668336	4.132883664	50.487	3.92461315	3.456000395	16.05125293	76.56813352	0.583862
2001-03-30	13.13502339	14.24652427	10.01771721	0.640105133	12.67979	30.771206	10.4936	1.305169	2.297360326	4.413504674	50.71916	3.812880488	3.388833156	16.10800124	76.69028511	0.535104
2001-04-30	13.5738971	14.36334729	9.707064599	0.606006012	12.750105	30.670136	10.4811	1.244082	2.512260987	4.092001013	51.00042	3.869504381	3.302707089	16.33029574	76.49749279	0.568201
2001-05-31	13.65189797	14.6843095	9.983387318	0.610302712	12.9766325	29.521696	10.5905	1.249724	2.659648561	4.071901439	51.90653	3.860859867	3.352260126	16.73719806	76.04968195	0.619944
2001-06-29	14.02531564	14.9780732	9.683201728	0.611519435	13.09937	29.289922	10.2945	1.252798	2.599265505	4.166034495	52.39748	3.734321486	3.399281437	16.7629191	76.10347797	0.603523
2001-07-31	14.09692763	14.9909664	9.926722155	0.621998812	13.212205	29.738638	9.7013	1.222232	2.285627672	4.203382328	52.84882	3.680438711	3.096689875	16.77842792	76.44444349	0.568167
2001-08-31	13.54086392	14.65853683	9.968359197	0.673547559	12.9471025	30.351267	9.94008	1.139047	2.270753462	4.510442538	51.78841	3.685673814	3.218436216	16.89438867	76.2015013	0.616796
2001-09-28	13.65120736	14.64182821	10.48736425	0.651945186	13.144115	30.174697	9.89406	1.093428	1.372017665	4.889337335	52.57646	3.395152972	3.099720727	16.81152161	76.69360469	0.572962
2001-10-31	14.08139451	14.37100188	10.16722137	0.614494737	13.0780375	30.412802	9.64854	1.100177	1.729051169	4.797279831	52.31215	3.47411951	2.88278794	17.03666277	76.60642978	0.646899
2001-11-30	14.71407835	14.51044884	10.01690284	0.602102463	13.2811775	29.765963	9.21096	1.162854	2.270910793	4.464602207	53.12471	3.595831132	2.804566111	17.29919778	76.30040498	0.766023
2001-12-31	15.35823467	16.13982451	9.736993281	0.598680042	13.9445775	29.064235	8.01714	1.045551	1.858611843	4.236152157	55.77831	3.681734533	2.813608121	17.22691929	76.27773805	0.737606
2002-01-31	15.30709823	16.16392307	10.35189499	0.601403714	14.14144	28.311121	7.59621	1.035027	2.204295158	4.287586842	56.56576	3.717198004	2.81830142	17.1723223	76.29217828	0.816086
2002-02-28	15.37770715	15.78649196	10.15515844	0.605124948	13.9748275	28.530606	7.97818	1.014264	2.200384968	4.377255032	55.89931	3.669327229	2.704417025	17.28332374	76.342932	0.904361
2002-03-29	14.75779653	15.95697841	10.34940665	0.604115908	13.8894325	28.742211	8.06003	1.026424	2.391944297	4.221660703	55.55773	3.820154711	2.759596999	17.21792841	76.20231988	0.943208
2002-04-30	14.11114666	15.66894858	9.928123277	0.653848986	13.4540225	29.428283	8.82324	1.112685	2.301498283	4.518203717	53.81609	3.708098417	2.70162407	17.20164796	76.38862955	0.975706
2002-05-31	13.86782028	15.60716015	9.999446434	0.658575638	13.3776675	29.212638	9.37086	1.07239	2.285342006	4.548099994	53.51067	3.959204553	2.65044293	16.98989919	76.40045333	0.978251
2002-06-28	14.84190123	15.42280042	10.54264879	0.678892065	13.8287475	29.076111	8.94028	0.891604	1.071141995	4.705873005	55.31499	3.659895541	2.52402608	16.94647839	76.86959999	0.847876
2002-07-31	15.4451729	14.97982509	10.82042563	0.707153879	13.9841925	28.186803	9.08832	0.937287	0.777595978	5.073224022	55.93677	4.130541256	2.242947849	16.46320629	77.16330461	0.900854
2002-08-30	15.5353103	15.08438563	10.78800881	0.672867764	14.0268575	28.068802	8.98161	0.895588	0.892341259	5.054228741	56.10743	4.218328361	2.393531463	16.85765035	76.53048983	0.90618
2002-09-30	15.59641585	14.97870086	10.67100016	0.707143138	13.98442	27.423886	9.61992	0.951506	0.361531986	5.705476014	55.93768	4.012754914	2.187453958	16.76293988	77.03685124	0.89369
2002-10-31	16.03859216	15.25937381	10.57682485	0.660716677	14.1785025	28.018204	8.34561	0.90936	0.777458248	5.235357752	56.71401	4.052983255	2.303308592	16.52338831	77.12031985	0.875837
2002-11-29	15.89866496	15.72685989	10.48774442	0.648633227	14.2539675	27.872799	8.23684	0.908722	1.02333926	4.94242974	57.01587	4.27804883	2.376312518	16.65319813	76.69244052	0.93731
2002-12-31	14.83075276	15.72627671	10.91948253	0.665050512	14.0471875	28.321342	8.44177	0.904193	0.851652441	5.292292559	56.18875	4.564680408	2.3429063	16.68269571	76.40971758	0.864195
2003-01-31	14.89916705	15.91033935	10.9645665	0.67256711	14.14888	27.780141	8.3525	0.949171	0.90193019	5.42073781	56.59552	4.67281922	2.404702842	16.7814387	76.14103923	0.852473
2003-02-28	15.17129333	15.87389732	10.9390902	0.682589146	14.22229	27.300491	8.574	0.953825	0.767106125	5.515417875	56.88916	4.766287629	2.446226278	16.90235731	75.88512878	0.815269
2003-03-31	15.61339957	15.82812485	11.01835459	0.661768502	14.3738825	27.153649	8.22443	0.912614	0.722190795	5.491586205	57.49553	4.85591572	2.415643089	16.80540656	75.92303463	0.742242
2003-04-30	15.23125959	16.08303228	11.0005813	0.615996843	14.31029	28.204467	7.5045	0.829771	1.15045176	5.06965024	57.24116	5.157186811	2.503799649	16.90101946	75.43799408	0.779594
2003-05-30	14.90247825	16.39129622	10.92986606	0.632716968	14.2854525	28.312713	7.45043	0.852822	1.425559635	4.816665365	57.14181	5.133061696	2.567757199	17.06346646	75.23571465	0.783503
2003-06-30	15.49361913	15.85366104	11.0276147	0.825697637	14.4001975	27.414543	7.85012	0.859455	1.754908885	4.520183115	57.60079	5.523197389	2.589636577	17.04724035	74.83992568	0.780994
2003-07-31	15.66415899	15.78336094	10.72773772	0.840714847	14.3386575	27.333474	8.01081	0.904095	1.954316292	4.442674708	57.35463	5.654068384	2.619082603	16.97478803	74.75206099	0.847306
2003-08-29	15.66409465	15.71704288	10.64236956	0.871805401	14.2984375	26.603548	8.66166	0.977989	2.198654738	4.364398262	57.19375	5.669052063	2.641796291	16.97476976	74.71438188	0.876672
2003-09-30	15.33249379	15.4257381	10.48421859	0.903312012	14.0485875	27.02425	9.11414	1.006943	2.238720971	4.421596029	56.19435	5.807200581	2.673384619	17.15997391	74.35944089	0.830199
2003-10-31	15.43990967	15.36538204	10.28088093	0.89438736	13.99352	27.226401	8.98752	1.023035	2.601763797	4.187200203	55.97408	5.968445725	2.757799192	17.02975307	74.24400201	0.872063
2003-11-28	15.34956045	15.34788535	10.19412434	0.894079858	13.92855	27.947156	8.58833	1.005981	2.591838205	4.152494795	55.7142	6.039180925	2.798294017	17.03418439	74.12834066	0.858739
2003-12-31	14.72448905	15.17439587	10.47218183	0.885728255	13.752265	28.520196	8.64287	1.005781	2.867935686	3.954157314	55.00906	5.941777458	2.747037716	17.0489334	74.26225142	0.826209
2004-01-30	15.05491499	15.3933502	9.888122127	0.917370178	13.7512525	28.357501	8.65805	1.079106	3.019566835	3.880766165	55.00501	5.981252971	2.726014735	17.08346075	74.20927154	0.888901
2004-02-27	14.62328149	15.10271796	10.35105965	0.933563402	13.6702075	28.671136	8.48555	1.107029	3.216086045	3.839368955	54.68083	5.946275	2.728577744	17.06696182	74.25818543	0.902174
2004-03-31	14.45143849	14.96466644	10.22366706	0.972180507	13.5373175	27.904262	9.6742	1.058078	3.316108939	3.898081061	54.14927	5.90974506	2.642742889	17.06061278	74.38689927	0.935408
2004-04-30	14.58267198	14.95937828	10.43183516	0.90242708	13.6254375	28.194378	9.3776	1.003595	2.95708343	3.96559357	54.50175	6.062517318	2.559948016	16.89328273	74.48425193	0.898467
2004-05-31	15.08579638	15.28595517	9.962241827	0.960789125	13.7649275	27.755704	9.3584	1.037466	2.87048299	3.91823701	55.05971	6.014786925	2.546433067	16.86279604	74.57598397	0.878932
2004-06-30	14.9590198	15.15742616	10.09859324	1.092185794	13.769075	27.549371	9.69236	1.014973	2.951839967	3.715156033	55.0763	5.936844887	2.59665725	16.69786579	74.76863207	0.841469
2004-07-30	14.52185802	15.33136916	10.25562959	1.155235732	13.7546975	27.651354	9.42949	1.073469	2.976975817	3.849921183	55.01879	5.943206024	2.633988189	16.71743133	74.70537446	0.797208
2004-08-31	14.26886358	15.38588469	10.37866334	1.216460888	13.7499575	27.39676	9.47251	1.116955	3.177118219	3.836826781	54.99983	6.05092522	2.704706087	16.55977996	74.68458874	0.869566
2004-09-30	14.26610082	15.26916379	10.19027034	1.216425046	13.64732	27.916988	9.07401	1.13158	3.484069907	3.804072093	54.58928	6.043261813	2.779234805	16.59189865	74.58560473	0.882403
2004-10-29	14.06151885	15.12357436	10.16438534	1.243746459	13.531075	28.262499	9.12005	1.093926	3.634259645	3.764965355	54.1243	6.111327448	2.80580696	16.59680355	74.48606204	0.880849
2004-11-30	13.87153383	14.98056123	9.976076993	1.237322947	13.355165	28.90988	9.08252	1.136095	3.825966974	3.624878026	53.42066	6.296490775	2.871850787	16.66170901	74.16994943	0.926438
2004-12-31	14.18404751	14.22213724	9.99183351	1.258479233	13.2188325	29.225307	9.17007	1.113542	4.091891731	3.523859269	52.87533	6.17052262	2.781471562	16.8882593	74.15974652	0.924941
2005-01-31	14.05984152	14.23464437	9.996208417	1.224398199	13.1716975	29.225711	9.16578	1.100338	4.205151646	3.616229354	52.68679	6.056467661	2.74165994	16.85949895	74.34237345	1.00568
2005-02-28	13.51184099	13.91789315	9.863910364	1.746667992	13.0134375	29.640896	9.06592	1.116438	4.608413221	3.514582779	52.05375	6.170823182	2.813896658	16.83548443	74.17979573	1.06598301
2005-03-31	13.64779076	13.96455912	9.906461692	1.781465925	13.1000925	29.580288	9.08274	1.101678	4.254586556	3.580337444	52.40037	6.076079954	2.758587363	16.744008	74.42132468	1.026172555
2005-04-29	13.54349624	13.92559939	10.04806782	1.901396542	13.13952	29.387859	9.07242	1.154568	4.176976194	3.650096806	52.55808	5.933914951	2.765258533	16.76771044	74.53311607	1.000298958
2005-05-31	14.006381	14.04087014	10.03533611	1.90276275	13.32845	28.864484	8.86095	1.127002	4.292162331	3.541601669	53.3138	6.396701561	2.814313457	16.33973894	74.44924604	1.033556416
2005-06-30	14.16766403	13.99650047	9.847965709	1.945777292	13.3193025	28.304297	8.90197	1.172055	4.93965558	3.40481242	53.27721	6.39472658	2.918466209	16.41635114	74.27045607	0.975988033
2005-07-29	14.40200386	13.89751461	9.661960161	2.011661367	13.32438	28.302071	8.6792	1.216985	5.215693204	3.288530796	53.29752	6.547624584	2.946700661	16.36684853	74.13882622	1.057903619
2005-08-31	14.18798379	13.70478293	9.570371388	1.952294393	13.1384775	28.47384	9.26109	1.203708	5.176303839	3.331148161	52.55391	6.511034238	2.962570649	16.45149025	74.07490486	1.037187724
2005-09-30	13.84163533	13.46280123	9.386853799	1.976069639	12.88912	28.318902	9.91716	1.230351	5.672268744	3.304838256	51.55648	6.404907196	3.023099181	16.38082252	74.1911711	1.141429401
2005-10-31	13.99489485	13.47231312	9.509914166	1.957425359	12.9781825	28.179727	10.0753	1.16374	5.306669669	3.361833331	51.91273	6.300309099	2.999210868	16.34473963	74.35574041	1.103726321
2005-11-30	14.49741576	13.82279635	8.796302281	1.963435604	13.02665	27.564923	10.1935	1.203854	5.691646062	3.239476938	52.1066	6.166147606	2.983254387	16.4916599	74.3589381	1.191567539
2005-12-30	13.5973239	13.38649308	9.258771735	1.977726286	12.740105	27.791665	10.8285	1.216583	5.962402709	3.240429291	50.96042	6.160541538	3.005138848	16.49531174	74.33900787	1.27508681
2006-01-31	13.40571268	13.04830542	9.073117689	2.041106712	12.5227475	28.159833	10.8522	1.268089	6.472903832	3.155984168	50.09099	6.113722665	3.08198337	15.64085634	75.16343763	1.31366436
2006-02-28	13.25909721	13.09457433	9.113106228	2.077892229	12.51489	28.250928	10.8505	1.290977	6.386666863	3.161368137	50.05956	6.066785103	3.102741385	15.61141151	75.21906201	1.274641685
2006-03-31	13.14476301	12.93131749	8.936687094	2.149994905	12.3875875	28.698371	10.9918	1.300506	6.324758521	3.134214479	49.55035	6.089605651	3.019735549	15.59438462	75.29627418	1.259698774
2006-04-28	12.73522338	12.80788045	8.881346153	2.053412524	12.1592875	29.179154	10.9914	1.32772	6.753832677	3.110743323	48.63715	6.175096655	3.044178128	15.55059586	75.23012936	1.307071565
2006-05-31	12.79269921	13.00969426	9.091243725	2.037885307	12.3105075	29.370124	10.7692	1.312669	6.095023103	3.210953897	49.24203	6.169162466	2.928337308	15.64117642	75.26132381	1.260982226
2006-06-30	12.67291612	13.27140664	9.110210029	2.000192208	12.351575	29.022043	10.6311	1.395043	6.404675686	3.140838314	49.4063	6.028663858	2.830682115	15.54627343	75.5943806	1.295195258
2006-07-31	12.25988731	13.4328145	9.181449119	2.050314066	12.308155	29.237533	10.5228	1.417504	6.455020366	3.134522634	49.23262	5.982576356	2.849177927	15.52666993	75.64157578	1.28459483
2006-08-31	12.27241374	13.32255833	9.163476724	2.081611213	12.28002	29.398438	10.4635	1.425552	6.517428003	3.075001997	49.12008	5.959885523	2.849790749	15.75146088	75.43886285	1.288364579
2006-09-29	12.40009553	13.38565938	9.166277528	2.095762566	12.349265	29.235646	10.1936	1.439936	6.719292338	3.014465662	49.39706	5.969262399	2.832783249	15.78084613	75.41710823	1.31414915
2006-10-31	12.30003794	13.36361968	9.091898644	2.151576237	12.3023775	29.42081	10.0108	1.453496	6.987134954	2.918249046	49.20951	5.960098	2.760474565	15.82120354	75.4582239	1.263295035
2006-11-30	12.20794162	13.1946695	8.938997787	2.201743588	12.1811175	29.590731	9.82568	1.593994	7.391221845	2.873903155	48.72447	6.132299565	2.792112446	15.85001844	75.22556954	1.299517697
2006-12-29	12.33628584	12.66348422	8.785635488	2.175879446	11.987095	29.96528	9.88796	1.747764	7.583553935	2.867062065	47.94838	6.222651228	2.827431764	15.78720445	75.16271256	1.271311194
2007-01-31	12.4765134	12.64044173	8.753542935	2.29888944	12.0564625	29.84231	9.88301	1.718402	7.509362072	2.821065928	48.22585	6.252198846	2.770312527	15.60220164	75.37528699	1.194915113
2007-02-28	12.33543862	12.51367457	8.656199479	2.181104835	11.8954725	29.920506	10.3567	1.694256	7.560280113	2.886367887	47.58189	6.256612133	2.82139741	15.62234393	75.29964653	1.255799595
2007-03-30	12.10448142	12.44521816	8.632934405	2.129608509	11.7707475	30.312227	10.0302	1.723302	7.977039413	2.874241587	47.08299	6.277312682	2.854899954	15.54929218	75.31849518	1.266040321
2007-04-30	12.14567867	12.44504481	8.721494779	2.029836738	11.780685	30.799354	9.44389	1.700747	8.1711995	2.7620695	47.12274	6.20027806	2.81242395	15.5503363	75.43696169	1.289056896
2007-05-31	12.33908444	12.59907229	8.758417017	1.97385376	11.8901425	30.319794	9.33889	1.746984	8.356553534	2.677208466	47.56057	6.325638577	2.826842875	15.68978398	75.15773457	1.360132622
2007-06-29	12.43106411	12.4258468	8.469079191	1.828459904	11.71815	30.327953	9.3056	1.919862	8.856544387	2.717440613	46.8726	6.255941675	2.789285045	15.68316441	75.27160888	1.434883584
2007-07-31	12.48102384	12.12071112	8.287607694	1.723502353	11.537615	30.160306	9.44541	2.130567	9.302811819	2.810445181	46.15046	5.890374179	2.684628052	15.5739257	75.85107207	1.618384928
2007-08-31	12.72000823	12.29378569	8.410004213	1.781779373	11.7351925	29.846906	9.23	2.241492	8.96295684	2.77787516	46.94077	5.863373115	2.657506107	15.70324123	75.77587955	1.554470896
2007-09-28	12.62118442	12.03038879	8.224968984	1.79403031	11.5568575	29.844563	8.97143	2.578753	9.682838747	2.694985253	46.22743	5.985667685	2.712233674	15.64887383	75.65322481	1.591754879
2007-10-31	12.56766195	11.71068949	8.108075423	1.723108144	11.369845	29.865593	8.67931	2.880869	10.42753903	2.667308969	45.47938	5.855036682	2.677263631	16.03209946	75.43560023	1.660381277
2007-11-30	12.58644416	11.51408876	8.165519154	1.63549293	11.300515	30.248353	8.94025	2.725552	10.08302056	2.800764441	45.20206	5.605462987	2.634244656	16.10053654	75.65975582	1.576462012
2007-12-31	12.70368034	12.04903341	7.813453899	1.530879844	11.3656825	29.900495	8.60431	2.84897	10.40076991	2.78272509	45.46273	5.440958627	3.483188385	15.70750033	75.36835266	1.618365197
2008-01-31	12.62385972	12.43513389	8.200375922	1.613837968	11.6244025	29.132993	8.93931	2.55408	9.906063199	2.969943801	46.49761	5.166298236	3.456228701	15.67527708	75.70219598	1.516282069
2008-02-29	12.57406474	11.94686513	7.795008949	1.604431177	11.30679	29.535087	8.99238	2.694459	10.47775046	3.073163542	45.22716	5.074650159	3.365290286	15.81574728	75.74431227	1.588066457
2008-03-31	12.66903115	11.773774	7.720181915	1.732797935	11.298595	30.161105	8.73744	2.524837	10.24776548	3.134472524	45.19438	4.974350302	3.314861814	15.56113467	76.14965321	1.56255147
2008-04-30	12.73744164	11.88037836	7.666786753	1.724975742	11.3365275	29.549999	8.86781	2.686132	10.59193837	2.958010626	45.34611	5.078038711	3.303082514	15.95470344	75.66417534	1.584321658
2008-05-30	13.17276889	11.81052478	7.54688837	1.705240458	11.4118075	29.148574	8.96931	2.546599	10.77427854	2.914008463	45.64723	5.139231541	3.342391518	15.91898792	75.59938902	1.534827263
2008-06-30	13.35936173	12.45594711	6.97777713	1.627759028	11.473615	28.813337	9.08511	2.537232	10.55415302	3.115707984	45.89446	4.99827883	3.318249182	16.23155818	75.45191381	1.461657516
2008-07-31	13.26564936	12.54172625	7.23730961	1.686224783	11.57697	28.708226	9.02442	2.633	10.16849344	3.157980558	46.30788	4.894605105	3.329499247	16.0474143	75.72848134	1.476290978
2008-08-29	13.69809153	12.92324317	7.510391733	1.701653571	11.94446	28.201523	8.87586	2.500751	9.516836744	3.127189256	47.77784	4.836766531	3.292583853	16.03973378	75.83091583	1.303643109
2008-09-30	13.47813877	13.45443983	8.123228202	1.879323197	12.31171	27.419625	8.98678	2.308402	8.573455322	3.464897678	49.24684	4.465047033	3.085039245	15.22557556	77.22433816	1.340194299
2008-10-31	13.52798069	13.94738739	8.788441334	1.535590587	12.5998	27.004612	9.56361	2.230653	6.61930515	4.18261985	50.3992	3.841596225	2.539162878	14.70975251	78.90948839	1.236949845
2008-11-28	13.889776	14.27120773	8.040435327	1.258463446	12.4866275	26.911844	10.1434	2.451519	6.004732	4.541995	49.94651	3.423140653	2.534129313	14.82529738	79.21743266	1.11243791
2008-12-31	13.41839062	13.78451096	7.73854571	1.463545203	12.1349975	27.358532	10.6064	2.562506	6.430028586	4.502543414	48.53999	3.373028729	2.678626513	14.88969409	79.05865067	1.287712105
2009-01-30	14.32825486	13.5907102	7.453209597	1.314030343	12.228735	26.566155	10.8254	2.654136	6.12729395	4.91207505	48.91494	3.566283757	2.72830267	15.00929288	78.6961207	1.342333532
2009-02-27	14.9644791	13.15641213	7.243979007	1.147927256	12.1709325	26.452433	10.5321	2.827778	6.011438145	5.492520855	48.68373	3.397583385	2.682690228	14.87398719	79.0457392	1.22867283
2009-03-31	14.80564188	13.15915117	7.335718612	1.103220834	12.1345775	26.322455	9.89301	2.968751	7.173343837	5.104130163	48.53831	3.578069024	2.640026518	14.81597199	78.96593247	1.43803811
2009-04-30	14.36209212	12.93744954	7.190071619	1.367294222	11.9523025	26.675534	9.72336	2.998077	8.134193336	4.659625664	47.80921	3.992171929	2.757102432	14.85848355	78.39224209	1.564867711
2009-05-29	13.71993826	12.73293796	7.132275919	1.377402858	11.654185	26.982802	9.75426	3.17285	9.074398013	4.398949987	46.61674	4.276094778	2.88215838	15.22420035	77.61754649	1.470737025
2009-06-30	13.0761815	12.95334449	7.757232525	1.355473986	11.7140775	26.352766	9.93057	3.33032	9.165350425	4.364683575	46.85631	4.416138141	2.798798793	15.4893225	77.29574057	1.479184533
2009-07-31	12.8707255	12.89711287	7.672693972	1.392212655	11.610915	26.748674	9.54981	3.42333	9.77917406	4.05535194	46.44366	4.546809367	2.837660759	15.67668807	76.93884181	1.61228552
2009-08-31	12.59414399	12.98522463	7.518739893	1.537798984	11.5453025	27.431006	9.5934	3.075092	9.794825107	3.924466893	46.18121	4.60738203	2.846872706	15.6595712	76.88617406	1.577006942
2009-09-30	12.5583459	12.89877547	7.438094084	1.594974544	11.49673	27.453204	8.9438	3.124248	10.71979561	3.772032385	45.98692	4.798371719	2.890007823	15.57225954	76.73936092	1.695047788
2009-10-30	12.57647435	12.65186705	7.321031012	1.567797584	11.37239	27.624753	8.90298	3.34989	10.76626037	3.866556634	45.48956	4.868945044	2.894643759	15.59735466	76.63905653	1.614831775
2009-11-30	12.62847027	12.89859868	7.548617869	1.585495676	11.5537275	27.436385	8.47433	3.2612	10.94753083	3.665644167	46.21491	4.739259105	2.946806244	15.46448708	76.84944757	1.56500529
2009-12-31	12.59711924	12.58339578	7.739919102	1.685398376	11.5352775	27.150364	8.44877	3.283903	11.39627128	3.57958172	46.14111	4.972131092	2.978236766	15.38802209	76.66161005	1.652821266
2010-01-29	12.43354531	12.78517825	7.846110906	1.651660537	11.572165	26.713729	9.04884	3.169271	11.06416567	3.715334327	46.28866	4.960269739	2.947793178	15.44516678	76.64677031	1.643469715
2010-02-26	12.80680641	12.98680905	7.923988495	1.698866039	11.80549	25.810352	9.05579	3.221056	11.07710638	3.613735621	47.22196	4.973592343	2.978391178	15.40433495	76.64368153	1.608326963
2010-03-31	12.78702971	12.9503517	7.843963204	1.769305381	11.78355	25.829952	8.86535	3.22078	11.5395528	3.410165199	47.1342	5.125802987	3.043047832	15.21346404	76.61768514	1.660679744
2010-04-30	12.9704683	13.0973789	7.919789409	1.882808393	11.956815	25.036177	8.8984	3.181544	11.69752704	3.359091958	47.82726	5.233865897	3.179569038	15.25654624	76.33001883	1.753125026
2010-05-31	12.90089421	13.04314537	8.594303827	1.933774098	12.1573725	24.17913	9.02054	3.368856	11.15357392	3.648410084	48.62949	5.056787616	3.053563924	15.10064167	76.78900679	1.725482365
2010-06-30	12.40732546	12.66601258	8.587699016	1.959935446	11.8736575	24.783443	9.13647	3.53436	11.19059612	3.860500883	47.49463	4.899230876	3.018334795	15.06342121	77.01901312	1.799668824
2010-07-30	12.28392827	12.48663226	8.42465816	2.008566307	11.734595	25.575649	8.7901	3.450323	11.63168715	3.613860848	46.93838	5.050565575	3.107604587	15.1446426	76.69718723	1.789644352
2010-08-31	12.00791567	12.29418936	8.5251343	2.090825674	11.639355	25.529053	8.9423	3.52188	11.65695928	3.79238772	46.55742	5.052016795	3.12878398	15.22218524	76.59701399	1.80788447
2010-09-30	12.15763642	12.17774571	8.325477565	2.010650311	11.55717	25.868006	8.45554	3.5457	12.42763756	3.47443644	46.22868	5.208220716	3.223778244	15.34826147	76.21973957	1.839654322
2010-10-29	12.35902936	12.07569132	8.275888183	2.031903639	11.5808375	26.045604	8.32006	3.5411	12.42463031	3.345255686	46.32335	5.319406363	3.269928507	15.30430642	76.10635871	1.803497584
2010-11-30	12.78626944	12.34450078	8.408334726	1.998430054	11.845845	24.586916	8.6831	3.69076	12.30900953	3.346834471	47.38338	5.302127222	3.248021747	15.2798508	76.17000023	1.844435821
2010-12-31	12.5194154	12.50625839	8.121528458	2.030400249	11.7258675	24.856103	8.67452	3.51307	12.9156414	3.137195596	46.90347	5.415696193	3.299145778	15.33570953	75.9494485	1.914058606
2011-01-31	12.57423025	12.65811356	8.083169816	2.06393638	11.79315	25.437311	8.55338	3.46714	12.3035147	3.066054299	47.1726	5.457232223	3.316715847	15.49453247	75.73151947	1.925877225
2011-02-28	12.56005092	12.8120533	8.183267622	2.088850662	11.8814075	25.510388	8.72204	3.2975	11.97197318	2.972468821	47.52563	5.547536833	3.342399926	15.49290981	75.61715343	1.750023133
2011-03-31	12.56788203	12.7841062	8.244530353	2.078866416	11.891795	25.304808	7.87357	3.4633	12.81077963	2.980362372	47.56718	5.630100557	3.606178018	15.48975253	75.2739689	1.961429932
2011-04-29	12.33585938	12.57144682	8.229870364	2.137055936	11.7580775	26.191627	7.61177	3.38711	12.87869121	2.898491791	47.03231	5.680720547	3.621176105	15.53218393	75.16591942	2.012895369
2011-05-31	12.50457358	12.61842921	8.360790744	2.190706472	11.8915	25.777758	7.67039	3.46478	12.5905576	2.930514399	47.566	5.64612588	3.726106283	15.67599015	74.95177768	1.990232432
2011-06-30	12.60072416	12.28712297	8.439066052	2.195044317	11.8406525	25.74513	7.8316	3.41308	12.66695899	2.98062101	47.36261	5.661570615	3.793078171	15.60395861	74.94139261	1.998501265
2011-07-29	12.72873357	12.04945691	8.357050372	2.276886644	11.8040425	25.255561	8.24827	3.47442	12.76310955	3.04246945	47.21617	5.619183563	3.778317901	15.70748177	74.89501676	2.068923223
2011-08-31	12.88344808	12.20572107	8.772220286	2.270850565	12.04408	24.542032	8.19848	3.44076	12.41051511	3.23189289	48.17632	5.283370669	3.736927291	15.56905549	75.41064655	1.936779065
2011-09-30	12.96139063	12.36265259	9.143747057	2.225997227	12.2312625	24.167638	8.84135	3.18094	11.38790383	3.497118172	48.92505	4.964575408	3.513042952	15.55250619	75.96987545	1.876055783
2011-10-31	13.17945737	12.35208887	8.927743522	2.296830243	12.25204	24.462058	7.9771	3.29081	12.10531133	3.156560668	49.00816	5.179799845	3.649945998	15.62622997	75.54402419	1.955366271
2011-11-30	13.53155538	12.63592829	9.308450624	2.218593203	12.5648425	24.059731	7.8771	3.12494	11.50345336	3.175405641	50.25937	5.057086997	3.578475581	15.51647317	75.84796425	1.894585375
2011-12-30	12.89137968	13.15119475	9.55804768	2.317285383	12.6393025	23.770134	7.95955	3.27304	11.2792226	3.160843403	50.55721	5.094494961	3.559240656	15.62448563	75.72177876	1.886557124
2012-01-31	13.0594059	12.92930128	9.171390929	2.359686894	12.506595	23.539784	7.87229	3.41474	12.121391	3.025415003	50.02638	5.440761519	3.592371952	15.67612732	75.29073921	1.965683475
2012-02-29	13.12660519	12.86102184	9.04075257	2.242877896	12.4237525	23.793954	7.88529	3.49062	12.23130536	2.903820638	49.69501	5.670075983	3.726088104	15.72521218	74.87862373	1.96062807
2012-03-30	13.39915024	13.05043762	9.120670326	2.319441812	12.6299	23.565708	7.90434	3.26841	11.90318549	2.83875651	50.5196	5.70229589	3.757716442	15.70310305	74.83688462	1.947663732
2012-04-30	13.48848645	13.05040016	9.224371436	2.403274452	12.7221775	23.194328	7.75907	3.4071	11.8892928	2.861499198	50.88871	5.804954753	3.771527684	15.7580747	74.66544286	1.97684932
2012-05-31	13.72302121	13.39913509	9.642423385	2.448015317	13.070865	22.272678	7.79599	3.34132	11.24527849	3.061273514	52.28346	5.458253611	3.610481968	15.87868107	75.05258335	1.933401025
2012-06-29	13.15109369	13.37466498	9.802126304	2.508780023	12.945555	22.811122	7.7801	3.30021	11.39901504	2.927332957	51.78222	5.572508005	3.705608234	15.89943768	74.82244608	1.898092883
2012-07-31	13.08900528	13.30190643	9.88823593	2.537057368	12.938735	22.797716	7.50436	3.32539	11.72181486	2.895779138	51.75494	5.458979622	5.625165911	15.71562815	73.20022632	1.942172307
2012-08-31	13.36177167	13.30204957	9.784817123	2.480584137	12.9764075	23.278712	7.30501	3.19735	11.47729698	2.836001021	51.90563	5.612329978	5.74122011	15.81094533	72.83550458	1.888161579
2012-09-28	13.30453244	13.35454848	9.678602695	2.398938881	12.9122075	23.317814	7.17499	3.30686	11.78796035	2.763545652	51.64883	5.698763256	5.876531432	15.84738004	72.57732527	1.95909275
2012-10-31	12.95753213	13.30006848	9.612683472	2.436948426	12.7690775	23.800201	7.10459	3.47249	11.72841333	2.817995672	51.07631	5.800118331	6.02876087	16.057423	72.1136978	1.915176144
2012-11-30	13.08545406	13.06412928	9.434055775	2.415185883	12.666275	24.096099	7.193	3.51526	11.72306804	2.807472963	50.6651	5.886846204	6.12550845	16.08671864	71.90092671	1.944438398
2012-12-31	12.8764049	12.80536761	9.174977096	2.521217895	12.4593225	24.204552	7.41476	3.56984	12.18522398	2.788334018	49.83729	6.020953318	6.265956741	15.92246063	71.79062931	2.005036246
2013-01-31	12.80699576	12.97397977	9.22282881	2.487465665	12.49709	24.483812	7.36133	3.57727	11.93689697	2.652331034	49.98836	6.214294298	6.406734268	15.98420435	71.39476709	1.839853955
2013-02-28	12.89729051	13.1118928	9.373061164	2.485990525	12.622745	23.790063	7.56615	3.49044	12.03879325	2.623573753	50.49098	6.257446871	6.315392177	16.00297312	71.42418783	1.92655438
2013-03-29	13.07659285	13.30952273	9.525651104	2.495260817	12.8023425	23.344213	7.78363	3.35438	11.77067399	2.537733011	51.20937	6.284874307	6.260722768	16.00382595	71.45057698	1.815084244
2013-04-30	12.79667984	13.17714773	9.447471324	2.617876111	12.679725	23.588748	8.24238	3.32415	11.6347245	2.4910975	50.7189	6.268818777	6.387979863	16.0241431	71.31905826	1.725619745
2013-05-31	13.23606295	13.64796459	9.569005299	2.437437163	12.96349	23.636577	7.81542	3.28472	10.96355195	2.445771054	51.85396	6.418778703	6.404593967	16.07080083	71.1058265	1.743135845
2013-06-28	13.41599528	13.57816596	9.781504806	2.46713146	13.0809325	23.291611	8.20441	3.16153	10.53424839	2.484470614	52.32373	6.367261646	6.329871559	15.93864162	71.36422517	1.649450945
2013-07-31	13.61175257	13.61472853	9.777848183	2.37875572	13.127695	23.882713	7.90733	3.14245	10.19049911	2.366227889	52.51078	6.546907491	6.269746555	15.8291568	71.35418915	1.633773846
2013-08-30	13.71713714	13.44410691	9.708946589	2.283851858	13.0513475	24.077642	7.92135	3.25183	10.10434526	2.439442741	52.20539	6.548771631	6.216545813	15.82147383	71.41320873	1.735220858
2013-09-30	13.66916274	13.07584505	9.385063164	2.339199052	12.82309	24.577814	8.1349	3.25648	10.37234028	2.36610572	51.29236	6.660989427	6.355023806	15.89509482	71.08889195	1.764956656
2013-10-31	13.66076144	13.07766995	9.451571218	2.350944889	12.8469825	24.655522	7.84331	3.20815	10.63322321	2.271864794	51.38793	6.710589383	6.45732426	15.99140746	70.84067889	1.774944283
2013-11-29	13.74097687	13.5864922	9.393636474	2.163176948	12.9614275	24.651262	7.827	3.28294	10.1818409	2.211247097	51.84571	6.764043584	6.443691786	16.00139201	70.79087262	1.769416169
2013-12-31	13.97248478	13.71858241	9.401681479	2.117198831	13.0699825	24.768045	7.75966	3.15796	9.877750848	2.156654152	52.27993	6.950824813	6.543062909	15.99399529	70.51211699	1.713876251
2014-01-31	14.049479	13.72979596	9.352146819	2.287483219	13.139635	24.805769	7.78155	3.08559	9.534094675	2.234456325	52.55854	6.915296306	6.408063335	16.06849728	70.60814308	1.679070675
2014-02-28	14.15300343	13.74187886	9.286812309	2.297600398	13.159765	25.174933	7.40198	3.04823	9.602150235	2.133646765	52.63906	6.99975137	6.57410564	16.12514927	70.30099372	1.654847388
2014-03-31	13.81888947	13.96312639	9.422929884	2.328596756	13.1778475	24.834355	7.25421	3.00387	10.06838517	2.127789831	52.71139	7.029794202	6.58891314	16.12592425	70.25536841	1.657843307
2014-04-30	13.6287218	13.94002789	9.523719595	2.388753214	13.1604075	25.144404	7.01056	2.95922	10.12779727	2.116388734	52.64163	7.036832508	6.694891662	16.16695995	70.10131587	1.673238876
2014-05-30	13.83935473	13.85757801	9.467684816	2.393719948	13.1861125	24.751562	7.1638	3.02125	10.24460692	2.074331083	52.74445	7.007875464	6.706800057	16.20944175	70.07588273	1.706899694
2014-06-30	13.98803663	13.72735935	9.431507235	2.408336783	13.18508	24.408072	7.36443	3.0271	10.4274356	2.032642402	52.74032	7.107370987	6.779654712	16.34740034	69.76557396	1.693165183
2014-07-31	14.00565304	13.64904931	9.385383196	2.457546953	13.1658775	23.802511	7.51636	3.2808	10.67128167	2.065537332	52.66351	7.03507406	6.693178445	16.38329187	69.88845563	1.74725629
2014-08-29	14.34099773	13.83484886	9.526435749	2.433840169	13.3787075	23.37575	7.20285	3.2051	10.71221139	1.989258607	53.51483	7.008955142	6.638094188	16.43710193	69.91584874	1.698224674
2014-09-30	14.5133138	14.0035253	9.717039842	2.337356058	13.523745	23.328661	7.37165	3.09585	10.07787459	2.03098441	54.09498	6.746494718	6.326565842	16.39269866	70.53424078	1.61718426
2014-10-31	14.70984075	14.06662179	9.795591849	2.513200617	13.695085	22.549175	7.24457	3.23476	10.20491652	1.986238484	54.78034	6.851978633	6.272814561	16.38070458	70.49450222	1.55674313
2014-11-28	15.0343662	14.57422365	9.257325447	2.497514698	13.78781	22.757593	7.12625	3.23417	9.800409729	1.930337271	55.15124	6.764420733	6.207940783	16.39162548	70.636013	1.532444807
2014-12-31	15.21890848	14.80815515	9.339165335	2.580213538	13.9821475	22.234629	7.15941	3.30403	9.433413484	1.939927516	55.92859	6.666349138	5.87645334	16.50066814	70.95652939	1.514080443
2015-01-30	15.00117923	14.30315636	9.073812812	2.837276606	13.738475	22.611369	7.44637	3.47786	9.511171632	1.999329368	54.9539	6.48350514	5.648323206	16.64827428	71.21989737	1.58093421
2015-02-27	15.33999597	14.35961178	9.015509596	2.587622657	13.76758	22.76915	7.48734	3.36411	9.417047388	1.892032612	55.07032	6.688066828	5.703106168	16.61664702	70.99217998	1.50531105
2015-03-31	15.32687919	14.21343341	8.892206801	2.721863102	13.7181275	22.610837	7.71912	3.49583	9.364966059	1.936736941	54.87251	6.914214115	5.604092429	16.60019792	70.88149553	1.559671558
2015-04-30	14.95696337	14.15426255	8.866576092	2.541397995	13.5064	22.860432	7.78092	3.88843	9.522646695	1.921971305	54.0256	7.07449272	5.754940374	16.56299372	70.60757319	1.619434624
2015-05-29	15.23858119	14.29826385	8.914027569	2.508412385	13.653095	22.638474	7.91278	3.7963	9.137928031	1.902137969	54.61238	7.097695768	5.724505231	16.52849384	70.64930516	1.5391584
2015-06-30	15.09754475	14.94741756	8.509945252	2.490657438	13.681855	22.464762	7.92838	3.76564	9.182663227	1.931134773	54.72742	6.872375068	5.644588278	16.83414773	70.64888892	1.521189178
2015-07-31	15.29217501	14.86651724	8.55295803	2.586094719	13.765915	23.011996	7.92413	3.44384	8.657274027	1.899099973	55.06366	6.728330884	5.590411139	16.98505739	70.69620059	1.388731368
2015-08-31	15.38034482	14.98828483	8.663869356	2.57592599	13.869475	22.939478	8.02569	3.25342	8.276521925	2.026990075	55.4779	6.634347497	5.547482094	16.94054591	70.8776245	1.410420302
2015-09-30	15.25427629	15.01082961	8.842281381	2.750675218	13.9526875	22.763289	7.76692	3.31593	8.25071931	2.09239169	55.81075	6.388165184	5.339821313	17.03950714	71.23250636	1.505463629
2015-10-30	15.3550679	15.00691045	8.871705706	2.672513435	13.9687325	22.621678	7.93422	3.35083	8.282754856	1.935587144	55.87493	6.550272238	5.448047213	17.0558295	70.94585105	1.554771007
2015-11-30	15.51457455	15.15583992	8.943692628	2.652180407	14.0887625	22.412138	7.96294	3.26748	8.066857713	1.935534287	56.35505	6.365438873	5.353407572	17.24705548	71.03409808	1.51461199
2015-12-31	15.13270693	15.05912135	8.929215653	2.740671064	13.953905	22.260959	8.09765	3.63062	8.218294127	1.976856873	55.81562	6.259136982	5.345644418	17.30403479	71.09118381	1.501326691
2016-01-29	14.97633983	15.20400094	9.252510352	2.775918878	14.06959	22.14192	7.91511	3.41411	8.159265555	2.091234445	56.27836	6.095116541	5.278992731	17.21137554	71.41451518	1.510283148
2016-02-29	15.01380433	15.26515226	9.388026209	2.779919697	14.1489675	21.895871	7.77499	3.3859	8.241550266	2.105818734	56.59587	6.063021187	5.158916662	17.24688084	71.53118131	1.48805174
2016-03-31	14.91616647	15.1219317	9.26590741	2.882924418	14.06231	21.722434	7.53728	3.55216	8.955389559	1.983496441	56.24924	6.281876724	5.286538074	17.44926781	70.98231739	1.591124675
2016-04-29	14.73209257	15.19143919	9.216308018	2.811852729	13.9838975	21.850186	7.78918	3.49841	8.950179935	1.976454065	55.93559	6.454021457	5.341075452	17.54092961	70.66397348	1.564455748
2016-05-31	14.95210491	15.39044198	9.339728278	2.83293733	14.1717375	21.621477	7.73688	3.46859	8.534281071	1.951821929	56.68695	6.378906605	5.362773287	17.61203505	70.64628506	1.496354636
2016-06-30	14.9081258	15.2962345	9.291085555	3.053839148	14.183095	20.919242	7.62789	3.79329	8.968840052	1.958357948	56.73238	6.289593411	5.352930284	17.68475541	70.6727209	1.532206995
2016-07-29	15.0011051	15.084235	9.154375537	3.081291863	14.1070025	20.899549	7.79239	3.78363	9.205929666	1.890491334	56.42801	6.387259714	5.4005658	17.76738908	70.44478541	1.561527262
2016-08-31	14.98076699	15.18141894	9.09244835	2.979080719	14.077905	20.865819	7.83044	3.98087	9.119807451	1.891443549	56.31162	6.363921607	5.398546692	18.00132856	70.23620315	1.608364722
2016-09-30	15.19556259	15.14210965	9.157558688	2.43093907	13.97539	20.95652	7.89276	4.10847	9.234592016	1.906097984	55.90156	6.208133178	5.365832085	18.0601835	70.36585124	1.623728099
2016-10-31	15.14202922	15.22742663	9.185547684	2.342186465	13.96573	20.515991	8.15278	4.11617	9.406196445	1.945942555	55.86292	6.21966806	5.346063722	18.03071914	70.40354908	1.595945494
2016-11-30	15.496402	15.95135026	9.347977337	2.189462898	14.3283975	19.920884	7.91096	4.06832	8.901058821	1.885187179	57.31359	6.218727715	5.246447126	18.03495661	70.49986855	1.545654428
2016-12-30	15.39124247	16.22310356	8.917300497	2.264140977	14.2652625	20.490029	7.83235	3.83232	8.932813471	1.851437529	57.06105	6.303730632	5.287609223	18.08314131	70.32551883	1.511252941
2017-01-31	15.59971566	15.92249372	8.778551148	2.242239473	14.181	20.345281	7.91462	3.99574	9.204393007	1.815965993	56.724	6.257679918	5.3670428	18.04740627	70.32787101	1.586015147
2017-02-28	15.73697096	15.96880375	8.86864124	2.257394056	14.27727	20.044026	7.79088	4.01068	9.293493991	1.751840009	57.10908	6.306290627	5.395628682	18.06504392	70.23303677	1.591600751
2017-03-31	15.70383188	15.5680158	8.741518794	2.311811033	14.1083925	20.648422	7.61811	4.09254	9.445805591	1.761552409	56.43357	6.233791985	5.43059002	18.1052295	70.23038849	1.653759816
2017-04-28	15.82998326	15.30889089	8.619599453	2.294813892	14.0177625	21.004863	7.59211	4.14738	9.438989481	1.745607519	56.07105	6.272717343	5.482667291	18.11973293	70.12488244	1.64738541
2017-05-31	15.87883148	14.96927711	8.558913581	2.284532831	13.897185	21.469226	7.67122	4.25089	9.293034145	1.726889855	55.58874	6.21338307	5.548866085	18.16953826	70.06821259	1.744591843
2017-06-30	15.49086979	15.11135081	8.895762004	2.316774895	13.9382525	21.046553	7.73145	4.29658	9.456086863	1.716320137	55.75301	6.232284872	5.622158985	18.31314013	69.83241602	1.759591204
2017-07-31	15.52641329	14.89036415	8.747423324	2.310101738	13.8247675	21.180378	7.68721	4.47081	9.674527822	1.688004178	55.29907	6.258532501	5.680792347	18.32086992	69.73980523	1.768277427
2017-08-31	15.70168807	14.67549898	8.72798267	2.331295282	13.812155	21.109266	7.67342	4.60989	9.671228078	1.687575922	55.24862	6.181711537	5.704173424	18.4294503	69.68466474	1.725417359
2017-09-29	15.54034384	14.81857378	8.817447769	2.273712104	13.8166925	21.491303	7.63989	4.56078	9.381690248	1.659566752	55.26677	6.255028049	5.729274303	18.45034394	69.56535371	1.72988204
2017-10-31	15.74453374	14.69749181	8.751197376	2.237084574	13.8101025	21.167476	7.86103	4.60494	9.501805335	1.624338665	55.24041	6.19545351	5.696277853	18.56849491	69.53977373	1.835633619
2017-11-30	15.86668785	14.81351205	8.849210219	2.258489883	13.9293	20.810441	7.95244	4.61127	9.328556782	1.580092218	55.7172	6.262911436	5.738030554	18.55984326	69.43921475	1.802898642
2017-12-29	15.2633273	14.96770798	9.048061932	2.220960286	13.8333525	20.854074	7.88701	4.68406	9.676839571	1.564606429	55.33341	6.251273042	5.740642761	18.61861844	69.38946576	1.820799232
2018-01-31	15.62971076	14.78197779	8.950140589	2.054423361	13.8054175	20.801653	7.81452	4.91026	9.770413869	1.481483131	55.22167	6.378056978	5.90288471	18.48547967	69.23357864	1.787878463
2018-02-28	15.96199761	14.6667935	8.924733982	1.991494907	13.84834	20.413312	8.04368	4.8444	9.764436277	1.540811723	55.39336	6.288982359	5.897714866	18.3869399	69.42636288	1.749629306
2018-03-30	15.79942661	14.55285974	8.920338443	2.114812706	13.7958125	20.646474	8.01617	4.82075	9.74574278	1.58761322	55.18325	6.240305054	5.88923772	18.33652867	69.53392855	1.841181717
2018-04-30	15.82626312	14.49506572	8.829778293	2.093440368	13.7481825	20.92839	8.0111	4.81696	9.668744523	1.582075477	54.99273	6.222210712	5.112627544	18.45049845	70.2146633	1.877023053
2018-05-31	16.59120354	14.61504169	8.944017086	2.089767686	14.08001	20.117545	7.94521	4.87892	9.190001665	1.548283335	56.32004	6.099242164	4.946389915	18.46456597	70.48980195	1.782774011
2018-06-29	16.41106676	15.67318887	8.289220103	2.159579272	14.177685	20.092727	7.61493	4.94017	9.09625221	1.54518079	56.71074	6.105234989	4.917809632	18.40591838	70.571037	1.690255747
2018-07-31	16.3918101	15.86052409	8.37738157	2.109341736	14.2463525	20.173352	7.43144	4.70513	9.210464216	1.494203784	56.98541	6.01153763	4.929497962	18.51146121	70.5475032	1.614102115
2018-08-31	17.17703455	15.9782581	8.46137715	2.076492694	14.5643875	19.434688	7.39634	4.5218	8.94084702	1.44877498	58.25755	5.954916723	4.803078983	18.64490215	70.59710214	1.634974533
2018-09-28	17.14769539	15.90928506	8.506972111	2.011864934	14.5252725	19.463041	7.57312	4.51522	8.896355851	1.451173149	58.10109	6.026093836	4.898205828	18.65631713	70.4193832	1.646923288
2018-10-31	16.67735337	16.32899581	8.771235252	2.122323066	14.6333025	19.278805	7.50594	4.33054	8.793015411	1.558489589	58.53321	5.85138904	4.817533854	18.54591185	70.78516525	1.526668548
2018-11-30	16.46041349	16.38590189	8.92772305	2.234079066	14.6693725	18.841559	7.44691	4.5911	8.906510973	1.536430027	58.67749	5.709918186	4.798895696	18.48875557	71.00243055	1.559672011
2018-12-31	15.72391554	16.06215903	8.960886118	2.273211814	14.3400575	19.218841	7.57703	4.80595	9.340353603	1.697595397	57.36023	5.508468398	4.750951994	18.38005628	71.36052333	1.632563512
2019-01-31	16.04049356	16.03919558	8.80113445	2.330636415	14.40382	18.969435	7.5071	4.91252	9.424871838	1.570793162	57.61528	5.555709632	4.794970866	18.45045609	71.19886342	1.669248029
2019-02-28	16.17717898	16.08718877	8.915094454	2.281417799	14.48696	19.081861	7.31821	4.98571	9.143000481	1.523378519	57.94784	5.618727465	4.801354435	18.50969876	71.07021934	1.596460212
2019-03-29	16.47351513	15.91322652	8.824096542	2.359676806	14.523505	18.963856	7.22798	5.11569	9.091474918	1.506979082	58.09402	5.551753398	4.754841727	18.61012907	71.08327581	1.528024852
2019-04-30	16.83233607	16.00499232	8.739415639	2.257238466	14.6113275	18.922484	7.10005	5.05356	9.028601627	1.449994373	58.44531	5.536058567	4.712518124	18.7097061	71.04171721	1.486561119
2019-05-31	16.0598897	15.82556788	9.152702627	2.508722292	14.5156275	18.813192	7.25754	4.87659	9.441597108	1.548570892	58.06251	5.395899935	4.637452321	18.76571081	71.20093693	1.430827229
2019-06-28	16.2629727	15.9101545	9.190758498	2.384769306	14.582885	18.843221	7.06869	4.91146	9.397122927	1.447966073	58.33154	5.45508664	4.731823088	18.87937592	70.93371436	1.459073745
2019-07-31	16.53877009	16.05443767	9.225449585	2.399655152	14.7394375	18.44984	7.06994	4.83192	9.261133993	1.429416007	58.95775	5.348533747	4.777801166	18.82765916	71.04600592	1.367177635
2019-08-30	16.61458355	15.84458793	9.257669797	2.590653719	14.769165	18.382715	7.16842	4.82125	9.087348249	1.463606751	59.07666	5.211160733	4.623554154	18.93560507	71.22968004	1.331026117
2019-09-30	16.2605968	16.00234306	9.357443341	2.567899305	14.7294275	18.584291	7.26712	4.70934	9.081583467	1.439955533	58.91771	5.218041106	4.637434749	18.96628951	71.17823463	1.396226484
2019-10-31	16.33470142	15.82076086	9.186486347	2.526286379	14.622745	18.659444	7.42047	4.79167	9.226486539	1.410949461	58.49098	5.24721115	4.691735773	18.83593679	71.22511629	1.422077956
2019-11-29	16.40357369	16.33651695	8.974155443	2.483463915	14.73257	18.358215	7.27061	5.01808	9.061378669	1.361436331	58.93028	5.262377098	4.667974085	18.87755309	71.19209573	1.361133109
2019-12-31	16.37591436	16.23419223	8.878764269	2.423636636	14.6375025	18.42997	7.16942	5.21004	9.315666515	1.324893485	58.55001	5.464559126	4.765676165	18.77433033	70.99543438	1.433074677
2020-01-31	17.09203893	16.05285345	8.837727098	2.465643016	14.8160875	18.170565	7.14809	5.022768	9.070096552	1.324130448	59.26435	5.377946795	4.761837882	18.80783223	71.05238309	1.372076763
2020-02-28	17.38323212	15.76663036	8.727023115	2.510454404	14.79578	17.945155	7.06951	5.49295	8.864467811	1.444797189	59.18312	5.217458265	4.638466618	18.78765711	71.35641801	1.385063765
2020-03-31	17.99582631	15.24602581	8.844140851	2.43106703	14.83902	17.751054	7.53014	5.95352	7.744692056	1.664513944	59.35608	4.77730665	4.186429059	17.98325335	73.05301094	1.422357412
2020-04-30	18.86428247	15.38439935	8.881445743	2.345612433	15.15858	16.957852	7.15295	5.73652	8.045810687	1.472547313	60.63432	5.140238721	4.072042102	18.52680701	72.26091217	1.391720534
2020-05-08	19.39298493	15.25621782	8.825340034	2.287397218	15.25398	16.847443	7.1379	5.70921	7.830053875	1.459473125	61.01592	5.182163773	4.121769596	18.41369285	72.28237378	1.378382229
2020-05-15	19.70853195	15.0374249	8.882029581	2.168746069	15.2655775	16.538632	7.22656	5.82213	7.854966302	1.495401698	61.06231	5.143585426	4.128905958	18.44469288	72.28281573	1.382932208
2020-05-22	19.80912358	15.12860331	8.832772831	2.225522785	15.3320075	16.74648	7.11968	5.481455	7.836805945	1.487549055	61.32803	5.236111556	4.214488544	18.58358398	71.96581592	1.370737106
2020-05-29	19.45883004	15.18025486	8.838958542	2.279449056	15.2524975	16.990671	7.27636	5.384198	7.922987316	1.415793684	61.00999	5.319318419	4.256705015	18.63401028	71.78996629	1.36672
2020-06-05	17.12268458	16.8455234	8.926970934	2.30872358	15.0679675	17.537136	6.92142	5.648581	8.13212224	1.48887076	60.27187	5.537478857	4.363931188	18.96192549	71.13666447	1.42138
2020-06-12	17.51097416	16.38730052	8.756008839	2.320193975	14.9914925	17.184815	7.20588	5.854605	8.399627641	1.389102359	59.96597	5.430010603	4.320653861	18.97283257	71.27650296	1.4429
2020-06-19	17.80745029	16.23331041	8.712700896	2.258635905	15.0040325	17.292137	7.13099	5.91277	8.297188399	1.350784601	60.01613	5.446762448	4.328743973	19.06854589	71.15594769	1.41738
2020-06-26	17.89657963	15.96268147	8.588779184	2.229932219	14.8926575	17.344873	7.23941	6.041737	8.5022472	1.3011028	59.57063	5.392897005	4.321032875	19.04818837	71.23788176	1.45932
2020-07-03	18.21046994	15.98339585	8.599780593	2.256596121	15.0167475	17.160255	6.90759	6.112253	8.475070629	1.277841371	60.06699	5.475508728	4.313263202	19.05982546	71.15140261	1.42327
2020-07-10	18.66173291	15.82371047	8.492132417	2.169229205	15.048935	17.048377	6.77715	6.372714	8.409878026	1.196140974	60.19574	5.473419732	4.308582095	19.11912218	71.09887599	1.3853
2020-07-17	18.24916756	16.11787228	8.65611948	2.153360684	15.05884	17.28278	6.81962	6.039226	8.406366128	1.216647872	60.23536	5.511403157	4.327147612	19.16181223	70.999637	1.40007
2020-07-24	18.14923782	16.11525656	8.624014416	2.148608706	15.0123725	17.314208	6.90236	5.995779	8.493807588	1.244355412	60.04949	5.562041495	4.364266897	19.2266775	70.84701411	1.39601
2020-07-31	18.74320265	16.01703656	8.568769542	2.197296244	15.175435	16.932289	6.53652	6.046759	8.613008608	1.169683392	60.70174	5.630495937	4.384204336	19.13076609	70.85453364	1.44033
2020-08-07	18.82129156	16.08982363	8.580393069	2.160406744	15.217305	16.863647	6.60499	5.993066	8.490300071	1.178776929	60.86922	5.652858269	4.41725177	19.16113378	70.76875618	1.48019
2020-08-14	18.70796216	16.08345119	8.561503575	2.106968073	15.153295	16.957371	6.81379	5.940241	8.478046723	1.197371277	60.61318	5.700391688	4.457960244	19.07386776	70.76778031	1.49293
2020-08-21	19.2884	15.87463413	8.509648157	2.086152704	15.252945	16.701335	6.74452	6.040591	8.386289064	1.115484936	61.01178	5.684686444	4.442769346	19.07557612	70.79696809	1.42459
2020-08-28	19.55282225	15.90355803	8.448250879	2.058473841	15.321035	16.582394	6.60994	6.102072	8.329665315	1.091788685	61.28414	5.761446072	4.47160575	19.00754429	70.75940389	1.41577
2020-09-04	19.27529243	15.9870428	8.45487722	2.107780054	15.2749975	16.532172	6.72688	6.124375	8.455352276	1.061230724	61.09999	5.787664352	4.443207034	19.05384947	70.71527915	1.45634
2020-09-11	18.75012804	15.9159177	8.438133127	2.128591133	15.07759	17.078223	6.87811	6.069484	8.641948049	1.021874951	60.31036	5.764626171	4.428018658	19.06509241	70.74226276	1.50634
2020-09-18	18.49423058	15.9212617	8.443029439	2.127678283	14.9954	17.116568	7.00635	6.140671	8.700802218	1.054008782	59.9816	5.77737403	4.422945876	19.08390476	70.71577533	1.55055
2020-09-25	19.22678903	15.87596867	8.458504482	2.095070311	15.2187775	16.514871	7.03555	6.038251	8.564387039	0.971830961	60.87511	5.680957665	4.358580954	19.03870589	70.92175549	1.49589
2020-10-02	19.19354308	15.88289983	8.433167661	2.161264425	15.223625	16.693236	6.83872	6.070667	8.576365136	0.926511864	60.8945	5.697025634	4.368161261	18.92172563	71.01308747	1.50168
2020-10-09	19.34820011	15.89487893	8.436556093	2.105307368	15.2616475	16.590513	6.73521	6.07782	8.607067735	0.942799265	61.04659	5.772861175	4.425719746	18.94596082	70.85545826	1.50979
2020-10-16	19.53238763	15.9258417	8.471436399	2.051971767	15.3272125	16.375134	6.65591	6.190275	8.547325731	0.922505269	61.30885	5.743247178	4.411081089	18.98221859	70.86345314	1.49656
2020-10-23	19.40824752	15.92941496	8.417627848	2.042552171	15.2659475	16.357778	6.73652	6.235972	8.673994502	0.931945498	61.06379	5.787882672	4.417693924	18.96264993	70.83177348	1.53086
2020-10-30	19.26021022	15.84875945	8.416031164	2.074346663	15.1997825	16.061018	6.94101	6.510606	8.722117518	0.966118482	60.79913	5.725354144	4.386369373	18.95713896	70.93113752	1.5456
2020-11-06	19.74745244	15.59177634	8.240933889	2.01253233	15.197565	16.267915	6.86554	6.419911	8.781783165	0.874590835	60.79026	5.812731423	4.463575362	19.02116047	70.70253275	1.55306
2020-11-13	18.97020801	15.99336867	8.350691842	2.079061478	15.13111	16.683531	6.82653	6.201837	8.766832923	0.996829077	60.52444	5.846590813	4.50445038	19.02604203	70.62291678	1.57671
2020-11-20	18.81926027	15.93409232	8.25771093	2.051261477	15.020775	16.838484	6.86985	6.241577	8.917936806	1.049052194	60.0831	5.848920702	4.501826861	19.10921258	70.54003985	1.60602
2020-11-27	18.84993901	16.03983896	8.253922945	1.994096584	15.0459325	16.756283	6.94503	6.154862	8.851206117	1.108888883	60.18373	5.897521518	4.522398253	19.11532138	70.46475885	1.64686
2020-12-04	17.11398107	17.68660234	8.388531365	1.950880227	15.046665	16.718873	6.71408	6.05819	9.210476628	1.111720372	60.18666	5.938999584	4.543842969	18.97037449	70.54678296	1.73298
2020-12-11	17.09531849	17.621025	8.403404651	1.912794357	15.0108475	16.598574	6.78936	6.029131	9.405586381	1.133958619	60.04339	5.92414674	4.537190033	18.95986194	70.57880129	1.75471
2020-12-18	17.36969811	17.45327149	8.302550871	1.88644203	15.0039875	16.735272	6.76552	6.021956	9.39268965	1.06861235	60.01595	5.963904079	4.575544067	18.95355785	70.506994	1.70548
2020-12-25	17.49451493	17.4736969	8.267835757	1.886637408	15.040895	16.704882	6.71524	5.924456	9.444235528	1.047606472	60.16358	5.952755097	4.564274915	18.97096008	70.51200991	1.74806
2021-01-01	17.38972204	17.44575125	8.25013716	1.896622044	14.9940775	16.668239	6.76453	6.071448	9.487977551	1.031495449	59.97631	6.000753176	4.614036778	18.86362289	70.52158715	1.79179
2021-01-08	17.24429725	17.48276118	8.162754126	1.811417438	14.90041	16.779084	6.74556	6.1026	9.651392454	1.119723546	59.60164	6.072566987	4.641960636	18.7787639	70.50670848	1.92118
2021-01-15	16.88634346	17.60757116	8.260040134	1.86851025	14.874155	16.628571	6.84164	6.202429	9.651918444	1.178821556	59.49662	6.045956586	4.596264228	18.82075677	70.53702242	1.88538
2021-01-22	17.41339612	17.31741708	8.130548303	1.859428501	14.90693	16.486508	6.74328	6.42104	9.583650535	1.137801465	59.62772	6.060404556	4.608145343	18.80549021	70.52595989	1.8746
2021-01-29	17.39001806	17.32733141	8.18275245	1.916778078	14.93896	16.516704	6.74119	6.374668	9.510006254	1.101591746	59.75584	6.053659689	4.610980394	18.78768668	70.54767324	1.81694
2021-02-05	17.70325786	17.3399913	8.11962262	1.886725718	15.0165325	16.201391	6.69935	6.438	9.458941072	1.136187928	60.06613	6.066390332	4.653472348	18.7556833	70.52445402	1.81103
2021-02-12	17.6806843	17.32360092	8.030883428	1.881641349	14.97227	16.229802	6.7776	6.583562	9.352207254	1.167748746	59.88908	6.093381811	4.666539929	18.75249543	70.48758283	1.78821
2021-02-19	17.42128284	17.41715039	8.038729963	1.8821693	14.9197775	16.337384	6.76762	6.595831	9.40708368	1.21297132	59.67911	6.133796848	4.661214769	18.73679092	70.46819746	1.79957
2021-03-01	17.37863365	17.76052838	8.100763193	1.86555478	15.03516	16.352283	6.66212	6.357164	9.222539146	1.265253854	60.14064	6.163030733	4.622121051	18.63605179	70.57879643	1.74194
2021-03-05	16.81648862	18.13083268	8.261347827	1.874558375	15.0277425	16.360682	6.64976	6.21797	9.240534125	1.420083875	60.11097	6.161767344	4.595224921	18.57937554	70.6636322	1.78227
2021-03-12	16.81535247	18.19322966	8.268675784	1.921957085	15.066405	16.536859	6.61678	6.028151	9.152245781	1.400344219	60.26562	6.19599792	4.613789461	18.53050335	70.65970926	1.74354
2021-03-19	16.62248741	18.18441261	8.310710787	1.920766695	15.0127925	16.579882	6.83095	6.048857	9.18318165	1.30595935	60.05117	6.196197785	4.632352327	18.53558007	70.63586981	1.73863
2021-03-26	16.60110262	18.41782914	8.474864282	1.971091453	15.1549625	16.513682	6.67629	5.801271	9.059421635	1.329485365	60.61985	6.17749277	4.595268533	18.57190381	70.65533488	1.73079
2021-04-02	16.91557797	18.25744788	8.37889518	1.957943969	15.169955	16.471477	6.52742	5.8913	9.125445552	1.304537448	60.67982	6.075341885	4.507220074	18.55088201	70.86655603	1.75547
2021-04-09	17.38419522	18.17201992	8.340721391	1.912598466	15.269845	16.512354	6.42038	5.676924	9.089349673	1.221612327	61.07938	6.100820373	4.530086567	18.54682317	70.8222699	1.73538
2021-04-16	17.41943651	18.12251737	8.316344626	1.935426499	15.264575	16.591582	6.37261	5.638695	9.132163879	1.206649121	61.0583	6.094047885	4.553438874	18.55564733	70.79686591	1.74983
2021-04-23	17.38009339	18.14205296	8.31206111	1.976722542	15.27031	16.585978	6.28632	5.74242	9.117611389	1.186430611	61.08124	6.097147546	4.555972217	18.55103244	70.79584779	1.72996
2021-04-30	17.36415514	18.25175365	8.314796418	2.004064793	15.31159	16.542208	6.17739	5.669759	9.136177998	1.228105002	61.24636	6.119413288	4.531255964	18.4541451	70.89518565	1.71556
2021-05-07	16.84902819	18.53926826	8.445122775	1.969755772	15.267725	16.774999	6.24731	5.508467	9.070990631	1.327333369	61.0709	6.12707847	4.547684826	18.47846846	70.84676824	1.70458
2021-05-14	16.68474631	18.69931556	8.545182121	1.977558511	15.3022675	16.954193	6.13557	5.434202	8.930503511	1.336461489	61.20907	6.138047989	4.553213067	18.46178653	70.84695241	1.68391
2021-05-21	16.64977113	18.52286813	8.483172561	2.002253172	15.219355	17.042033	6.21467	5.528814	9.033813474	1.303249526	60.87742	6.13645484	4.559323965	18.47464977	70.82957143	1.68484
2021-05-28	17.15713094	18.02068256	8.434893315	2.00485069	15.2058525	16.909702	6.04053	5.738813	9.21150029	1.27604471	60.82341	6.135071472	4.562380346	18.50328889	70.79925929	1.69449
2021-06-04	17.07215731	18.02619128	8.399287389	2.052729023	15.183455	16.89359	6.05759	5.704787	9.258620238	1.351592762	60.73382	6.178286494	4.558146579	18.48492533	70.7786416	1.70591
2021-06-11	17.3247347	17.84745279	8.362956658	2.079953352	15.2050325	16.950041	5.9952	5.639865	9.258834882	1.335929118	60.82013	6.165432574	4.565862289	18.52671485	70.74199029	1.70874
2021-06-18	17.83047398	17.5383511	8.25395439	2.058295537	15.227025	16.720568	6.07883	5.689749	9.314458248	1.288294752	60.9081	6.121310126	4.524458065	18.60301439	70.75121742	1.71848
2021-06-25	17.94135899	17.6822167	8.263708155	2.030686163	15.30599	16.691537	5.96281	5.688356	9.098252979	1.335084021	61.22396	6.172012212	4.545201061	18.55194886	70.73083787	1.7103
2021-07-02	18.34604612	17.75326418	8.321462115	1.996300092	15.4723575	16.430281	5.89127	5.507734	8.981893599	1.299391401	61.88943	6.086229108	4.494305086	18.42864951	70.99081629	1.6737
2021-07-09	18.5296615	17.75278309	8.328701555	2.04285135	15.5513325	16.506471	5.83311	5.299217	8.903790612	1.252081388	62.20533	6.073861499	4.490998679	18.42603436	71.00910546	1.62884
2021-07-16	18.38741257	17.60479302	8.33552547	2.079696434	15.4691425	16.423914	5.91962	5.457014	9.152862893	1.170019107	61.87657	6.052935357	4.485954511	18.4424332	71.01867694	1.6762
2021-07-23	18.86084247	17.61161986	8.330385269	2.043817402	15.615555	16.44742	5.74823	5.219984	8.979986345	1.142159655	62.46222	6.03598275	4.474823487	18.44445625	71.04473751	1.6295
2021-07-30	18.68439683	17.73429121	8.377526658	2.059330301	15.618515	16.658653	5.80128	4.945531	8.954606156	1.165869844	62.47406	6.022615299	4.473323084	18.46240843	71.04165319	1.60642
2021-08-06	18.70535571	17.7144767	8.350651306	2.049578787	15.6066875	16.658326	5.81411	4.896935	9.045412683	1.158466317	62.42675	6.044402845	4.495252089	18.39955775	71.06078732	1.64119
2021-08-13	18.57671783	17.79147548	8.405275865	2.035260829	15.60291	16.800066	5.87518	4.87336	8.895986122	1.143767878	62.41164	6.049688788	4.498395437	18.395383	71.05653278	1.52651
2021-08-20	18.84163813	17.88611396	8.51353663	2.05894628	15.766745	16.726632	5.75923	4.626672	8.751641573	1.068844427	63.06698	6.016541484	4.484230777	18.40696239	71.09226535	1.48968
2021-08-27	18.89822786	17.83342901	8.396421239	2.019621891	15.7159	16.659945	5.774	4.722044	8.853479355	1.126931645	62.8636	6.061535128	4.509331283	18.40068597	71.02844762	1.51075
2021-09-03	19.0441748	17.51278019	8.260816444	2.093731067	15.6371675	16.493729	5.95399	4.886359	9.014024216	1.103227784	62.54867	6.002230805	4.478546774	18.31106063	71.20816179	1.53891
2021-09-10	19.03316628	17.40091848	8.190391209	2.046441533	15.5569725	16.441282	6.23876	4.994571	8.99546032	1.10203668	62.22789	6.004858082	4.472673611	18.32132929	71.20113902	1.50208
2021-09-17	19.10329326	17.52967169	8.178153119	2.051529435	15.6208825	16.311585	6.31821	4.790599	8.983757225	1.112318775	62.48353	5.995602582	4.459386503	18.33842529	71.20658563	1.51971
2021-09-24	19.18490992	17.63725797	8.193840384	2.015411722	15.67714	16.338439	6.24774	4.651848	8.863835385	1.189577615	62.70856	6.0037579	4.437332493	18.34138867	71.21752094	1.51208
2021-10-01	18.93604402	17.86794527	8.296199111	2.017444098	15.7058775	16.237197	6.07126	4.79584	8.763805418	1.308387582	62.82351	5.962020373	4.402688414	18.24971057	71.38558064	1.47292
2021-10-08	18.88251048	18.0092939	8.313555985	1.98915463	15.731505	16.269992	5.89058	4.845455	8.708123574	1.359829426	62.92602	5.970424175	4.415930548	18.20789836	71.40574692	1.42745
2021-10-15	18.96035352	17.92642583	8.24235806	2.020475091	15.7165375	16.382629	5.85996	4.825792	8.714668084	1.350800916	62.86615	5.953588625	4.418961926	18.24335703	71.38409242	1.42811
2021-10-22	19.00705476	18.04560627	8.22010287	2.048628595	15.7737975	16.310379	5.7517	4.92685	8.573540487	1.342340513	63.09519	5.979029413	4.419870458	18.23057189	71.37052824	1.41741
2021-10-29	19.4935023	17.94826377	8.198707125	2.02847681	15.88965	16.229177	5.70839	4.722866	8.464424563	1.316542437	63.5586	5.938934522	4.403223067	18.27704646	71.38079595	1.40496
2021-11-05	19.65904639	17.88983454	8.220144826	2.02992175	15.9329825	16.210066	5.77902	4.554929	8.416863322	1.307191678	63.73193	5.842699791	4.34874465	18.31381869	71.49473687	1.37491
2021-11-12	19.52366999	17.92929093	8.227683401	2.033283178	15.9046425	16.177884	5.76022	4.686238	8.468692749	1.288395251	63.61857	5.866070861	4.355236174	18.27850841	71.50018455	1.37932
2021-11-19	19.96293695	17.72369911	8.195584111	2.023429831	15.96855	16.014107	5.8134	4.619751	8.456957095	1.221584905	63.8742	5.843276098	4.328242652	18.27415154	71.55432971	1.38047
2021-11-26	19.78349482	17.98313976	8.323165142	2.054792777	16.0481975	15.7537	5.84688	4.596618	8.339405373	1.270606627	64.19279	5.779157239	4.272254759	18.26079242	71.68779559	1.39592
2021-12-03	18.53348418	18.47551202	8.812148373	2.084325427	15.96849	15.860948	5.76426	4.564411	8.63549475	1.30092625	63.87396	5.677074874	4.259726501	18.21841431	71.84478431	1.49225
2021-12-10	18.82018284	18.52283417	8.777971593	2.064456401	16.061815	15.844118	5.63283	4.503864	8.472823781	1.299104219	64.24726	5.756969755	4.311991677	18.17293999	71.75809858	1.46915
2021-12-17	18.36327673	18.58956769	8.903093515	2.137672062	15.99787	16.017451	5.74604	4.373579	8.613230779	1.258219221	63.99148	5.73301767	4.290805588	18.17930572	71.79687103	1.49713
2021-12-24	18.66193387	18.55104275	8.864075113	2.103075763	16.0600425	16.06857	5.61423	4.293998	8.524711432	1.258320568	64.24017	5.774415872	4.303928548	18.15383491	71.76782067	1.47022
2021-12-31	18.45328263	18.63425908	8.904292449	2.162515839	16.05145	16.163319	5.53998	4.302697	8.527287358	1.260916642	64.2058	5.722846197	4.275857784	18.07737025	71.92392577	1.43293
2022-01-07	17.70831144	18.96098191	9.069551999	2.098659648	15.945835	16.358337	5.62051	4.312522	8.499663155	1.425627845	63.78334	5.76545514	4.29259126	18.03202962	71.90992398	1.42761
2022-01-14	17.56764927	18.93521896	9.061852719	2.069721544	15.8781475	16.320355	5.6413	4.425887	8.595360571	1.504507429	63.51259	5.774140658	4.27790756	18.01327543	71.93467635	1.43227
2022-01-21	16.93961012	18.81094679	9.060029825	2.129850765	15.6468125	16.684939	5.74868	4.704489	8.727375726	1.547266274	62.58725	5.745801314	4.266392385	17.9897399	71.9980664	1.44365
2022-01-28	17.30821229	19.10394115	9.197816217	2.109860341	15.90661	16.31303	5.57945	4.408072	8.395860168	1.677147832	63.62644	5.69590086	4.255304687	17.93780528	72.11098917	1.37698
2022-02-04	17.43697459	19.04693662	9.087785066	2.073178725	15.881625	16.18348	5.61074	4.510001	8.506853302	1.662425698	63.5265	5.660187812	4.265923314	17.8769969	72.19689197	1.39031
2022-02-11	17.05955554	18.98528556	9.020630827	2.059735575	15.7084025	16.461832	5.69736	4.597209	8.687247061	1.722741939	62.83361	5.648294029	4.245372325	17.87713117	72.22920247	1.40596
2022-02-18	16.94815576	18.980026	9.086063956	2.056909286	15.690385	16.351428	5.70466	4.612898	8.881602228	1.687871772	62.76154	5.63478386	4.235962565	17.79678039	72.33247318	1.44123
2022-02-25	17.28023877	19.2490067	9.197160387	2.088216646	15.9382075	16.077536	5.5783	4.373028	8.520558162	1.697747838	63.75283	5.639229831	4.143465232	17.77280134	72.44450359	1.39927
2022-03-04	17.1917823	19.61383455	9.41720738	2.195555776	16.13946	14.946715	5.67203	4.330382	8.613074526	1.879958474	64.55784	5.464491461	3.91422104	17.77422922	72.84705828	1.44324
2022-03-11	16.96369162	19.61717735	9.359099803	2.222391226	16.05412	15.696907	5.5547	4.08177	8.477262732	1.972880268	64.21648	5.492153307	3.944623018	17.63435681	72.92886687	1.42589
2022-03-18	17.55930942	19.42312243	9.252970719	2.144502434	16.126635	15.752439	5.48825	4.049771	8.410851619	1.792148381	64.50654	5.538632993	4.029801508	17.72172752	72.70983798	1.40601
2022-03-25	17.74319612	19.49904367	9.292020697	2.112067016	16.2154425	15.446865	5.52001	3.954442	8.323114762	1.893798238	64.86177	5.616064808	4.059951641	17.72448858	72.59949497	1.3749
2022-04-01	17.81944211	19.28721735	9.208739523	2.197593508	16.1709975	15.613431	5.36156	4.050619	8.447105318	1.843294682	64.68399	5.438622701	3.947585091	17.90399258	72.70979963	1.3759
2022-04-08	17.34245851	19.55186157	9.382060008	2.244554915	16.173645	15.715111	5.24003	4.048626	8.371090562	1.930562438	64.69458	5.480046526	3.961936799	17.84450841	72.71350827	1.35977
2022-04-15	17.04482249	19.65147069	9.42860841	2.255040912	16.1266475	15.797906	5.2684	4.05825	8.393804769	1.975049231	64.50659	5.48621825	3.951587877	17.7736431	72.78855078	1.37097
2022-04-22	16.66495011	19.7327688	9.48675334	2.349400248	16.0779575	15.999991	5.33153	3.925633	8.486720843	1.944295157	64.31183	5.497118552	3.942803367	17.73729747	72.82278061	1.3995
2022-04-29	16.50984357	19.6346223	9.496148752	2.294097884	15.9782375	16.002545	5.40357	4.190918	8.504864077	1.985152923	63.91295	5.424059392	3.883416137	17.70286029	72.98966418	1.41789
2022-05-06	16.43155203	20.06922214	9.705243629	2.235709698	16.1472425	15.583746	5.49966	3.995209	8.136115902	2.196299098	64.58897	5.325959187	3.849325783	17.71575831	73.10895672	1.3974
2022-05-13	16.18488103	20.12352061	9.82283122	2.211149639	16.1141275	15.774361	5.50787	4.069052	8.008855423	2.183351577	64.45651	5.228452298	3.793498269	17.69958952	73.27845991	1.40462
2022-05-20	15.69413565	19.86643877	9.717050788	2.243979795	15.840535	16.100895	5.67643	4.298799	8.287154305	2.274581695	63.36214	5.189111449	3.774569106	17.67678167	73.35953777	1.46308
2022-05-27	16.08581768	20.09599559	9.750354945	2.227529285	16.0532325	16.027581	5.47851	4.073225	7.904296061	2.303457939	64.21293	5.276629996	3.819206662	17.76305972	73.14110363	1.39709
2022-06-03	17.27113958	18.74434895	9.65768122	2.230987753	15.9680525	15.95454	5.40991	4.300146	8.0107966	2.4523974	63.87221	5.202588834	3.805038421	17.66642881	73.32594394	1.44455
2022-06-10	16.9961569	18.70074013	9.681127439	2.211478022	15.8631675	15.773738	5.54007	4.729662	7.945054629	2.558805371	63.45267	5.160180275	3.76682788	17.65656974	73.4164221	1.43757
2022-06-17	17.08027409	18.4872945	9.695230371	2.223226034	15.828675	15.863945	5.48884	4.863195	8.21452063	2.25479937	63.3147	5.061242868	3.710516889	17.64724754	73.5809927	1.41507
2022-06-24	17.61272502	18.56496745	9.77862253	2.243372495	16.0665625	15.636735	5.32416	4.829912	7.860608812	2.082334188	64.26625	5.04373932	3.703627973	17.62319568	73.62943702	1.30564
2022-07-01	17.2159398	18.77860669	9.888929003	2.284614512	16.05603	15.560496	5.37732	4.942339	7.734254035	2.161470965	64.22412	4.868386174	3.645492913	17.53602997	73.95009095	1.29829
2022-07-08	17.78836439	18.55980192	9.794332088	2.2194216	16.12064	15.367361	5.38813	4.854579	7.839976718	2.067393282	64.48256	4.930420308	3.631579074	17.56975234	73.86824828	1.30782
2022-07-15	17.74419449	18.70308791	9.892732266	2.234027838	16.1913475	15.355977	5.39699	4.595972	7.858463793	2.027207207	64.76539	4.874832702	3.537818736	17.61525577	73.97209279	1.29874
2022-07-22	17.93170965	18.50236368	9.684954191	2.256609975	16.1252125	15.51437	5.5088	4.496337	7.931509711	2.048133289	64.50085	4.943751163	3.583613704	17.64730924	73.82532589	1.30893
2022-07-29	18.32474498	18.5921227	9.62771243	2.266649898	16.27041	15.417752	5.38513	4.223591	7.724324941	2.167562059	65.08164	4.972391042	3.624090148	17.626374	73.77714481	1.30376
2022-08-05	18.63239712	18.46013113	9.628809649	2.218952095	16.31343	15.228618	5.32385	4.213443	7.970749791	2.009619209	65.25372	4.93616679	3.631012772	17.63139873	73.80142171	1.31834
2022-08-12	18.69890865	18.61700708	9.631781353	2.237317917	16.395005	15.087261	5.31263	4.095581	7.838878612	2.085629388	65.58002	4.976383805	3.678848251	17.65901319	73.68575476	1.28523
2022-08-19	18.52479259	18.77919709	9.75803689	2.224605924	16.4288775	14.939665	5.32726	4.082376	7.796400412	2.138788588	65.71551	4.948284899	3.641920373	17.64737692	73.7624178	1.27029
2022-08-26	18.19502599	18.73506345	9.664116713	2.227801347	16.2740025	14.96826	5.43218	4.306118	7.877280316	2.320151684	65.09601	4.92667736	3.641707095	17.66792578	73.76368976	1.2885
2022-09-02	18.02130829	18.79102036	9.664491348	2.255652509	16.2441575	15.121832	5.36509	4.362876	7.85429573	2.31927627	64.97663	4.855643707	3.579073674	17.68585934	73.87942327	1.2627
2022-09-09	18.37272485	18.92342913	9.710993929	2.265602088	16.42425	14.906232	5.23343	4.241909	7.674575093	2.246853907	65.697	4.934447376	3.613720243	17.69760914	73.75422324	1.19951
2022-09-16	17.99221261	18.94785462	9.741282779	2.230514999	16.303955	15.082118	5.35331	4.242792	7.804246157	2.301713843	65.21582	4.898024201	3.605249568	17.69438787	73.80233837	1.24114
2022-09-23	17.94487934	18.9628332	9.850258992	2.193860966	16.3172775	14.697556	5.54658	4.234373	8.051235007	2.201145993	65.26911	4.858929232	3.565500999	17.70940611	73.86616366	1.24135
2022-09-30	17.94214718	18.9406475	9.787100602	2.164509719	16.278135	15.140275	5.37428	4.211029	7.850211016	2.311664984	65.11254	4.799325271	3.494800304	17.54354818	74.16232624	1.18699
2022-10-07	17.89819813	19.053894	9.733001821	2.045031043	16.243375	15.022001	5.48337	4.219482	7.718336911	2.583310089	64.9735	4.86105216	3.519281977	17.59037576	74.0292901	1.22774
2022-10-14	17.54624866	19.29741435	9.902087302	2.032457185	16.2594025	15.257358	5.44968	4.038447	7.633279445	2.583625555	65.03761	4.860519529	3.509255432	17.53152469	74.09870035	1.23762
2022-10-21	18.03647885	19.50398142	9.948307869	1.991499353	16.4934225	15.041398	5.17514	3.809826	7.336887571	2.663058429	65.97369	4.915539094	3.515594076	17.5008609	74.06800592	1.18785
2022-10-28	17.78218106	19.82215021	10.13970474	2.036216496	16.5934175	15.308307	5.15329	3.364046	7.169168959	2.631518041	66.37367	4.952455435	3.559901075	17.5204772	73.96716629	1.19061
2022-11-04	16.81681943	19.79905985	10.13622451	2.073968712	16.2753575	15.690683	5.28355	3.770156	7.361153825	2.793027175	65.10143	4.830049353	3.577135418	17.55025636	74.04255887	1.24573
2022-11-11	17.20676031	19.35962478	9.922229903	2.092327511	16.1936475	15.895331	5.44224	3.767935	7.437758709	2.682145291	64.77459	4.840710366	3.618271676	17.57434284	73.96667511	1.33543
2022-11-18	16.97562407	19.34724876	9.972216442	2.071998229	16.1223625	16.067995	5.38838	3.934035	7.474938479	2.645201521	64.48945	4.85323741	3.653728035	17.66592585	73.82710871	1.29256
2022-11-25	16.8741864	19.41281581	10.01316161	2.081908676	16.1273575	16.168484	5.46345	3.762649	7.481530628	2.614456372	64.50943	4.856340664	3.662237252	17.7093329	73.77208919	1.28453
2022-12-02	17.86288105	18.78263899	9.564961594	2.070033363	16.093505	16.042664	5.37769	4.018638	7.630667539	2.556320461	64.37402	4.781618033	3.668816726	17.8147668	73.73479844	1.2875
2022-12-09	17.47075477	18.5717498	9.526957252	2.101948187	15.89047	16.354613	5.47257	4.388746	7.798608078	2.423582922	63.56188	4.802102591	3.690577003	17.83948656	73.66783384	1.29643
2022-12-16	17.34989975	18.64529314	9.58037157	2.099213039	15.8915925	16.274606	5.55344	4.370648	7.716577471	2.518358529	63.56637	4.773611634	3.668866478	17.81903584	73.73848604	1.30348
2022-12-23	17.06568514	18.80436363	9.636156543	2.104064684	15.87009	16.37584	5.55134	4.348584	7.612428968	2.631447032	63.48036	4.824993771	3.700044723	17.78457853	73.69038298	1.30558
2022-12-30	17.03428349	18.82477648	9.620522507	2.09383252	15.857805	16.379842	5.55841	4.398214	7.586473332	2.645840668	63.43122	4.831508599	3.713659492	17.7821062	73.67272571	1.27287
2023-01-06	16.72255236	18.82919437	9.66284155	2.116599214	15.7770625	16.710933	5.39796	4.603441	7.577210473	2.602205527	63.10825	4.814634567	3.674247856	17.80780244	73.70331513	1.29639
2023-01-13	17.07769891	18.48887359	9.383638226	2.149256775	15.6998225	16.804597	5.51106	4.618154	7.66588935	2.60100965	62.79929	4.85826762	3.71015455	17.85580076	73.57577707	1.33229
2023-01-20	17.33919824	18.27208167	9.215116194	2.148676394	15.6583575	16.835612	5.48883	4.684572	7.726217015	2.631338985	62.63343	4.853066052	3.73131939	17.8562936	73.55932096	1.34908
2023-01-27	17.69622175	18.1821374	9.14415385	2.150484506	15.7243325	16.597182	5.537	4.721103	7.66140441	2.58598059	62.89733	4.866884336	3.737100185	17.87678587	73.51922961	1.38257
2023-02-03	18.10344049	18.08748927	9.11375957	2.149085668	15.817925	16.660602	5.40913	4.464071	7.800164355	2.394332645	63.2717	4.85273862	3.737529334	17.91412783	73.49560421	1.36453
2023-02-10	17.99479247	18.27717139	9.164689498	2.132464144	15.8563725	16.526784	5.51952	4.409361	7.576118319	2.542726681	63.42549	4.839736938	3.710735441	17.88183368	73.56769394	1.33797
2023-02-17	18.04406996	18.23936023	9.204114468	2.110822846	15.8661225	16.783163	5.4128	4.320581	7.646910022	2.372055978	63.46449	4.827805132	3.697251727	17.8650894	73.60985374	1.2964
2023-02-24	17.94750043	18.32139968	9.22342635	2.082881033	15.8584025	16.780738	5.4534	4.268429	7.617794593	2.446028407	63.43361	4.843175796	3.709229417	17.84767213	73.59992266	1.30915
2023-03-03	18.18486459	18.18495495	9.119437854	2.084465109	15.8579075	16.795319	5.45089	4.353087	7.540698643	2.428375357	63.43163	4.856394442	3.688526398	17.94393794	73.51114123	1.28817
2023-03-10	18.05357943	17.86841657	9.051793043	2.033990954	15.66926	17.182783	5.7654	4.210144	7.754416116	2.410216884	62.67704	4.784557924	3.666602505	17.91289225	73.63594732	1.29372
2023-03-17	18.94985913	17.64531119	9.037871259	2.007228423	15.88009	16.497091	5.66336	4.279647	7.829478096	2.210063904	63.52036	4.699818514	3.618218711	17.82550327	73.85645951	1.32603
2023-03-24	19.03339479	17.57395782	8.998197461	1.955017435	15.8535225	16.591612	5.64676	4.328156	7.789228613	2.230153387	63.41409	4.696408239	3.631325979	17.86527833	73.80698745	1.32594
2023-03-31	19.0345845	17.62377091	9.002426822	1.982547768	15.88111	16.829175	5.49392	4.269068	7.598995616	2.284401384	63.52444	4.736795474	3.644451053	17.96598854	73.65276493	1.30364
2023-04-07	18.90715005	17.68526426	9.004085656	1.972317532	15.8562725	16.988667	5.44829	4.238875	7.542675792	2.356402208	63.42509	4.694434294	3.629620811	17.97488763	73.70105726	1.29598
2023-04-14	18.83644946	17.67796709	8.958783508	1.927834941	15.800345	17.188364	5.45938	4.177365	7.58101004	2.39250096	63.20138	4.775263798	3.67094029	17.97662427	73.57717164	1.34214
2023-04-21	18.84652875	17.72215925	8.951284692	1.962129804	15.8273675	17.259978	5.4784	4.097226	7.521056838	2.333869162	63.30947	4.76796646	3.654455131	17.98258712	73.59499129	1.30484
2023-04-28	19.07741991	17.64927746	8.932692453	1.975180175	15.87819	17.209192	5.44616	4.03593	7.472833618	2.323124382	63.51276	4.750932718	3.651881627	17.99107541	73.60611025	1.2755
2023-05-05	19.20123632	17.46857754	8.834684859	1.977258772	15.8272525	17.177652	5.57213	4.066574	7.668418526	2.206215474	63.30901	4.69375386	3.656669343	17.91900326	73.73057354	1.28986
2023-05-12	19.44494775	17.38709812	8.792113765	1.95981536	15.861325	17.044532	5.6393	3.991924	7.713812592	2.165131408	63.4453	4.689157192	3.658489288	17.92599712	73.7263564	1.27234
2023-05-19	19.82048663	17.34252769	8.75864544	1.880152749	15.9339375	16.860065	5.64219	3.913347	7.701993724	2.146654276	63.73575	4.730023703	3.666367807	17.91365811	73.68995038	1.31151
2023-05-26	20.34615371	17.26279638	8.702872719	1.846307188	16.05271	16.558316	5.55862	3.795906	7.762383798	2.113934202	64.21084	4.733441877	3.668287093	17.9488101	73.64946093	1.33528
2023-06-02	19.71444528	17.64967344	9.037659244	1.874567043	16.092115	16.263091	5.5758	3.870776	7.840140201	2.081732799	64.36846	4.653892826	3.646456324	18.0743126	73.62533825	1.36949
2023-06-09	19.55603869	17.69653381	9.038827272	1.878137731	16.0565125	16.130533	5.67179	3.916126	7.945574217	2.109926783	64.22605	4.68174339	3.667013505	18.05272239	73.59852072	1.39346
2023-06-16	19.69574098	17.5730183	9.005578562	1.85262966	16.0423225	16.201422	5.6363	3.972548	7.977950337	2.042489663	64.16929	4.711235821	3.695841137	18.07831848	73.51460456	1.37117
2023-06-23	20.01779077	17.63161232	9.025498943	1.797800463	16.1575675	16.037873	5.56897	3.80317	7.958067851	2.001649149	64.63027	4.671950509	3.69641828	18.09169644	73.53993477	1.33913
2023-06-30	20.05999899	17.74820497	9.053457595	1.842445945	16.2347025	16.072992	5.4936	3.725198	7.722418094	2.046981906	64.93881	4.681039208	3.679580297	18.15562657	73.48375393	1.29602
2023-07-07	20.11363972	17.72361862	9.017408351	1.937055808	16.2639075	15.845982	5.5719	3.708287	7.760493428	2.057707572	65.05563	4.718577059	3.6980709	18.14341547	73.43993658	1.3059
2023-07-14	20.08574972	17.50592265	8.889273575	1.938386559	16.1397775	16.196512	5.4981	3.799844	7.928373642	2.018060358	64.55911	4.740191931	3.734849099	18.14845502	73.37650395	1.36075
2023-07-21	19.86679539	17.82448122	9.051225376	1.941205511	16.2279025	16.135168	5.40997	3.70091	7.766817782	2.075524218	64.91161	4.725213094	3.730169529	18.16688866	73.37772872	1.33019
2023-07-28	19.97593244	17.70600205	9.032134404	1.884753601	16.1996075	16.015809	5.46934	3.881585	7.745515148	2.089320852	64.79843	4.747548763	3.749097695	18.19009229	73.31326125	1.32923
2023-08-04	19.85245346	17.79237117	9.084259655	1.887888214	16.2056575	15.972682	5.50212	3.912033	7.624418483	2.166116517	64.82263	4.719328664	3.701647833	18.14996943	73.42905407	1.30993
2023-08-11	19.72369435	17.91313825	9.187613198	1.908919195	16.244455	16.004672	5.47894	3.800419	7.482667538	2.255481462	64.97782	4.750495727	3.723943026	18.13892564	73.38663561	1.28829
2023-08-18	19.81244048	17.98916033	9.244372703	1.886966491	16.31098	15.918522	5.44116	3.68511	7.444339152	2.266948848	65.24392	4.73437091	3.688285537	18.12217873	73.45516482	1.26986
2023-08-25	20.09092206	17.89422658	9.182869793	1.884449057	16.3508225	15.798841	5.42369	3.650474	7.506322879	2.217382121	65.40329	4.725479971	3.686624714	18.1672305	73.42066481	1.28577
2023-09-01	20.39557845	17.7549308	9.084622668	1.867285581	16.3674725	15.602815	5.49714	3.735014	7.464064645	2.231076355	65.46989	4.696983997	3.681387259	18.20915257	73.41247617	1.32989
2023-09-08	20.3613379	17.77199721	9.096123231	1.870649168	16.3667025	15.579454	5.53455	3.736939	7.393412492	2.288834508	65.46681	4.699209371	3.673382793	18.21550443	73.4119034	1.32114
2023-09-15	20.12378015	17.75631236	9.083514566	1.877990418	16.2805325	15.683624	5.67439	3.70701	7.517102336	2.295743664	65.12213	4.720383608	3.676383017	18.20988758	73.3933458	1.35014
2023-09-22	19.91070735	17.81561539	9.124349559	1.831992697	16.227555	15.806161	5.68323	3.777626	7.511430092	2.311332908	64.91022	4.718755361	3.672385114	18.23805789	73.37080164	1.32542
2023-09-29	20.09576423	17.81084283	9.117765325	1.812200112	16.2788575	15.74382	5.54658	3.76294	7.50870703	2.32252297	65.11543	4.736597915	3.668999968	18.22057816	73.37382395	1.30116
2023-10-06	20.6765004	17.70978972	9.017655915	1.778286468	16.3940775	15.565364	5.42509	3.725816	7.472225407	2.235194593	65.57631	4.72630581	3.632882931	18.18709427	73.45371699	1.27475
2023-10-13	20.54829612	17.71007326	9.006760674	1.806559948	16.35723	15.568386	5.50693	3.742207	7.425106573	2.328450427	65.42892	4.705150358	3.63018573	18.22752157	73.43714234	1.29658
2023-10-20	20.40813616	17.77355477	9.120940464	1.772666107	16.3584325	15.560043	5.50696	3.673084	7.41977116	2.40641184	65.43373	4.742443116	3.658507655	18.17994847	73.41910076	1.29611
2023-10-27	20.20947988	17.70907411	9.049425239	1.796360774	16.25478	15.702246	5.61237	3.829512	7.51640827	2.32034373	65.01912	4.725580639	3.65300612	18.19191018	73.42950306	1.27455
2023-11-03	20.47361047	17.74462891	9.023676784	1.837761338	16.3598925	15.622121	5.51781	3.688679	7.495552972	2.236267028	65.43957	4.697736757	3.640478804	18.09325303	73.56853141	1.28179
2023-11-10	21.07581292	17.59252747	8.939989514	1.775210095	16.46118	15.414282	5.45245	3.609682	7.556464706	2.122401294	65.84472	4.694392014	3.63377088	18.13011894	73.54171816	1.30006
2023-11-17	20.90451586	17.51109995	8.888752831	1.812643861	16.3723375	15.696101	5.51265	3.567004	7.641895924	2.092999076	65.48935	4.690222897	3.647281843	18.17347734	73.48901792	1.3161
2023-11-24	20.9496796	17.50261195	8.879308051	1.8133954	16.381665	15.771949	5.4579	3.570553	7.594226094	2.078711906	65.52666	4.718373837	3.680073759	18.20575278	73.39579963	1.29941
2023-12-01	19.48210611	19.01624888	8.833107274	1.887175234	16.4062125	15.678563	5.4202	3.457614	7.766806395	2.051966605	65.62485	4.555715885	3.583298363	18.38963849	73.47134726	1.30508
2023-12-08	19.60468085	18.95560216	8.805701543	1.873015442	16.413	15.764238	5.38838	3.338157	7.877465129	1.979759871	65.652	4.555474985	3.602459919	18.40066176	73.44140333	1.30981
2023-12-15	19.38127914	19.05845453	8.867377735	1.924613596	16.410575	15.710615	5.38116	3.332491	7.958124919	1.975309081	65.6423	4.548941748	3.612429031	18.46230218	73.37632704	1.31657
2023-12-22	19.47194128	19.07186418	8.859605071	1.91578697	16.4397325	15.7752256	5.32734	3.191877	7.95382354	1.99280386	65.75893	4.579139796	3.634030775	18.40951524	73.37731419	1.31967
2023-12-29	19.31704561	19.01748784	8.826050581	1.920630974	16.360405	15.748969	5.40054	3.310616	8.138082487	1.960172513	65.44162	4.581930403	3.634830072	18.42505048	73.35818905	1.36097
2024-01-05	18.99113184	19.23342219	8.923249404	1.915606568	16.35447	15.829325	5.42902	3.267639	8.042748483	2.013387517	65.41788	4.591757918	3.603867024	18.36013453	73.44424052	1.31663
2024-01-12	19.52105137	19.02377523	8.851103337	1.89262257	16.4295175	15.615012	5.59284	3.167557	7.975704724	1.930816276	65.71807	4.593446153	3.601472345	18.40467626	73.40040524	1.26278
2024-01-19	20.03761294	19.07852406	8.906410527	1.831137472	16.617895	15.275379	5.51109	2.990451	7.902160298	1.849339702	66.47158	4.613772285	3.605653073	18.42061575	73.35995889	1.22013
2024-01-26	19.99069336	19.03682923	8.883925776	1.81244914	16.5746325	15.517417	5.40257	3.055121	7.803266486	1.923095514	66.29853	4.632281856	3.610077411	18.43450304	73.3231377	1.20934
2024-02-02	20.28402318	19.02862567	8.833884579	1.780599068	16.6423775	15.294264	5.43622	2.913702	7.909402138	1.876901862	66.56951	4.58387893	3.603309183	18.38517217	73.42763972	1.27797
2024-02-09	20.66310188	18.92262177	8.765295628	1.756315717	16.702445	15.141134	5.40391	2.961931	7.837457665	1.845787335	66.80978	4.621750585	3.617413597	18.372053	73.38878282	1.26504
2024-02-16	20.31247779	18.95543648	8.749268772	1.760414464	16.5925325	15.279978	5.50925	3.058142	7.889175124	1.893324876	66.37013	4.637077646	3.63730891	18.37766346	73.34794998	1.26312
2024-02-23	20.33119313	18.95764525	8.771022698	1.752588926	16.60415	15.304704	5.49197	3.088711	7.826386693	1.871628307	66.4166	4.647952591	3.648262996	18.39712243	73.30666199	1.25859
2024-03-01	20.37590237	18.94888591	8.772759763	1.788611954	16.62872	15.205528	5.57905	3.006898	7.822586546	1.871057454	66.51488	4.599250741	3.671290801	18.44578789	73.28367056	1.24622
2024-03-08	20.00962046	18.94674302	8.750077755	1.818413772	16.508285	15.474703	5.69021	2.941958	7.964485869	1.895503131	66.03314	4.598579705	3.683513523	18.45238719	73.26551959	1.27145
2024-03-15	20.08549646	19.03222181	8.785077638	1.764214093	16.55567	15.491502	5.50405	3.041638	7.769364762	1.970765238	66.22268	4.635664773	3.700565097	18.47628189	73.18748824	1.25997
2024-03-22	20.29218836	19.06512089	8.795982989	1.718212762	16.623835	15.261974	5.63599	2.939155	7.707580199	1.959960801	66.49534	4.61507784	3.70576143	18.48941385	73.18974688	1.28183
2024-03-29	20.04619628	19.279149	8.858098263	1.747506464	16.64365	15.28033	5.52219	2.92638	7.701802309	1.994697691	66.5746	4.612774958	3.70389955	18.49220252	73.19112297	1.27874
2024-04-05	20.20292206	19.19269388	8.819571565	1.712237498	16.642475	15.259484	5.42614	2.971277	7.680959507	2.092239493	66.5699	4.606278892	3.715448711	18.51965749	73.15861491	1.26817
2024-04-12	20.43639718	18.94749193	8.74256206	1.686486325	16.6043125	15.179198	5.56222	2.998938	7.757117921	2.085276079	66.41725	4.597852248	3.701294754	18.53077012	73.17008288	1.25097
2024-04-19	19.81074768	19.3497833	8.918724629	1.681286888	16.5868475	15.506982	5.38441	3.019708	7.613749217	2.127760783	66.34739	4.60474222	3.703122772	18.51631767	73.17581734	1.22796
2024-04-26	20.1500959	19.18526357	8.825134095	1.660686436	16.60706	15.409223	5.27495	3.191351	7.610533067	2.085702933	66.42824	4.630842871	3.707155531	18.52409683	73.13790477	1.23047
2024-05-03	20.23125692	19.00689304	8.73112124	1.675238802	16.54817	15.305438	5.47124	3.302291	7.723873282	2.004477718	66.19268	4.583298346	3.659575751	18.42376979	73.33335611	1.23551
2024-05-10	20.16355638	19.06949061	8.794837408	1.67896561	16.56895	15.504016	5.26057	3.318948	7.651205255	1.989460745	66.2758	4.585577914	3.670811647	18.41437098	73.32923946	1.23181
2024-05-17	20.20594376	19.00171303	8.755342008	1.695708706	16.5529025	15.462981	5.2484	3.392435	7.711332168	1.973241832	66.21161	4.588484314	3.681470198	18.42396225	73.30608324	1.2166
2024-05-24	20.66348919	18.87647403	8.658303047	1.632521231	16.6102625	15.428472	5.21716	3.237968	7.775435766	1.899914234	66.44105	4.591618473	3.67095685	18.43175716	73.30566751	1.18874
2024-05-31	20.53691683	18.97978798	8.716477602	1.671112585	16.634765	15.491967	5.29998	3.161749	7.557250996	1.949993004	66.53906	4.620728869	3.688342039	18.42264824	73.26828085	1.1575
2024-06-07	20.85150153	18.98004213	8.474506288	1.654105048	16.653385	15.37266	5.17809	3.140705	7.836463658	1.858541342	66.61354	4.617990743	3.678365139	18.41306017	73.29058395	1.22654
2024-06-14	21.48871378	18.89174195	8.450431917	1.648207356	16.826365	14.785879	5.1113	3.077075	7.929525776	1.790760224	67.30546	4.562044882	3.644271271	18.41529341	73.37839044	1.22666
2024-06-21	21.41884678	18.97040854	8.497317301	1.634792376	16.840455	14.816418	4.97757	3.041112	7.989528835	1.813551165	67.36182	4.579768662	3.65080316	18.3909366	73.37849158	1.22531
2024-06-28	21.5003784	18.89913007	8.452001095	1.64637294	16.8326275	14.745033	5.09771	2.971464	7.993274271	1.862008729	67.33051	4.60965055	3.666829243	18.38211138	73.34140883	1.24405
2024-07-05	21.99463071	18.58979394	8.301987892	1.609084956	16.8318325	14.728795	5.15647	2.925225	8.058349504	1.803830496	67.32733	4.576088044	3.668077683	18.37879323	73.37704104	1.26564
2024-07-12	21.53792895	18.75305606	8.356047278	1.664257717	16.77043	14.855656	5.1981	2.976939	8.090014818	1.797570182	67.08172	4.58140343	3.678345259	18.37602748	73.36422383	1.23462
2024-07-19	21.00160188	19.15021931	8.553402183	1.719444128	16.8082225	14.731731	5.24966	2.902448	8.013437669	1.869833331	67.23289	4.601225258	3.676638792	18.36447151	73.35766444	1.22768
2024-07-26	20.60514337	19.46502218	8.673308068	1.741988874	16.8284875	14.900863	5.09722	2.863322	7.940140879	1.884504121	67.31395	4.59941644	3.676731046	18.34935161	73.3745009	1.20526
2024-08-02	20.40424549	19.44491923	8.721956872	1.829110901	16.8000775	14.859597	5.11729	2.90448	8.065025579	1.853297421	67.20031	4.448668319	3.60274441	18.24919892	73.69938836	1.21476
2024-08-09	20.50552627	19.40762526	8.699488893	1.826622072	16.8130875	14.90571	5.00709	2.954555	8.004469908	1.875825092	67.25235	4.490422319	3.627110317	18.24256286	73.63990451	1.17384
2024-08-16	20.86161234	19.2555814	8.612922226	1.75861653	16.8295775	14.793722	5.17428	2.88862	8.004979782	1.820088218	67.31831	4.500371456	3.640528976	18.29468726	73.56441231	1.19681
2024-08-23	20.75053264	19.25633216	8.594992912	1.79450478	16.7987875	14.987399	5.19198	2.847577	7.99250364	1.78539036	67.19515	4.513488729	3.653656049	18.29845799	73.53439723	1.18618
2024-08-30	20.52693967	19.39945358	8.648004188	1.79861757	16.791005	15.002025	5.21442	2.84255	7.977730981	1.799254019	67.16402	4.535775065	3.663129745	18.28639893	73.51469626	1.16446
2024-09-06	20.01851643	19.45905898	8.662116019	1.898493569	16.679395	15.037613	5.24554	2.876448	8.347438031	1.775380969	66.71758	4.481366859	3.633295223	18.37878114	73.50655677	1.15245
2024-09-13	20.59756437	19.38673409	8.653712732	1.88702131	16.8416775	14.820626	5.10013	2.776452	8.198437458	1.737644542	67.36671	4.471325937	3.631733437	18.39253039	73.50441024	1.11578
2024-09-20	20.68905572	19.41790616	8.64776189	1.836226229	16.86365	14.649479	5.04558	2.871283	8.245163953	1.733894047	67.4546	4.513300376	3.662900078	18.41896443	73.40483512	1.10742
2024-09-27	20.40139361	19.21222213	8.557051089	1.819105675	16.6632575	14.825283	5.211	3.278134	8.322499099	1.710053901	66.65303	4.527772042	3.672866796	18.4192612	73.38009997	1.12555
2024-10-04	20.60889193	19.38580774	8.657342899	1.77995993	16.8106675	14.386877	4.94478	3.665553	7.927379613	1.832740387	67.24267	4.547296876	3.706540879	18.38665758	73.35950466	1.08061
2024-10-11	20.78625153	19.44313966	8.691810064	1.754026252	16.8917425	14.372272	4.92683	3.389356	7.940619283	1.803952717	67.56697	4.55438519	3.705395649	18.39383358	73.34638558	1.06965
2024-10-18	20.84856386	19.53798976	8.704166951	1.790299435	16.96034	14.268852	4.85512	3.278773	8.014825209	1.741069791	67.84136	4.558997652	3.707041903	18.40193317	73.33202728	1.04541
2024-10-25	21.2178595	19.4071762	8.622584395	1.780812404	17.0094775	14.258488	4.72242	3.284718	7.9478695	1.7485945	68.03791	4.582617311	3.717337866	18.37841376	73.32163106	1.03398
2024-11-01	21.13480273	19.47373307	8.647247271	1.748604429	17.0014625	14.224407	4.79193	3.297192	7.944857287	1.735763713	68.00585	4.601523034	3.710259173	18.28250525	73.40571255	1.03447
2024-11-08	21.7019263	19.6206509	8.649262907	1.714679886	17.22884	13.507669	4.83462	3.246595	7.732818336	1.762937664	68.91536	4.585591215	3.703105804	18.34768726	73.36361572	1.00227
2024-11-15	21.67420859	19.79916912	8.703979252	1.715038031	17.297465	13.467009	4.81421	3.122781	7.59488408	1.81125592	69.18986	4.590891799	3.695214979	18.31222654	73.40166668	0.958498
2024-11-22	21.76147925	19.96344107	8.742073998	1.727785678	17.39826	13.277908	4.70839	3.02615	7.567888593	1.826623407	69.59304	4.584957376	3.68824152	18.31053532	73.41626578	0.977839
2024-11-29	21.29347322	20.30665463	8.830588738	1.742343419	17.39102	13.432557	4.72711	3.016536	7.514803529	1.744913471	69.56408	4.553340035	3.680137465	18.33414104	73.43238146	0.941036
2024-12-06	21.99890286	19.76076638	8.591248678	1.678104584	17.3430075	13.526004	4.76967	3.050176	7.633145946	1.648974054	69.37203	4.539540988	3.680711995	18.33619748	73.44354954	0.903398
2024-12-13	22.33703132	19.55123658	8.51848926	1.651005342	17.3525875	13.441064	4.72507	3.087121	7.710027565	1.626367435	69.41035	4.582928052	3.702806891	18.32983521	73.38442985	0.927535
2024-12-20	22.65730931	19.5088058	8.503458748	1.604878649	17.4248175	13.283593	4.6778	3.128929	7.640414432	1.569993568	69.69927	4.580306675	3.686401046	18.29744333	73.43584895	0.900038
2024-12-27	22.61310681	19.44187952	8.474283629	1.600965039	17.376745	13.33202	4.79256	3.142505	7.646427329	1.579507671	69.50698	4.597946767	3.694764889	18.30019841	73.40708993	0.886412
2025-01-03	22.58816911	19.51834124	8.492899821	1.617697331	17.4057025	13.257393	4.78829	3.075367	7.617568463	1.638571537	69.62281	4.571779653	3.676160131	18.20105534	73.55100488	0.906295
2025-01-10	22.46353825	19.50704275	8.47933525	1.582788742	17.344235	13.522943	4.73716	2.992892	7.682999647	1.687065353	69.37694	4.592261613	3.683675423	18.18728487	73.53677809	0.953489
2025-01-17	22.30641845	19.76819182	8.537740316	1.610396913	17.4075825	13.561991	4.59731	3.008263	7.461536047	1.740569953	69.63033	4.582942756	3.673943998	18.20038272	73.54273053	0.932474
2025-01-24	22.38962808	19.62380248	8.455129136	1.600527799	17.3563625	13.736682	4.64798	3.025932	7.523088552	1.640867448	69.42545	4.608558835	3.698889696	18.2083303	73.48422116	0.936379
2025-01-31	22.03301717	19.6878739	8.489983271	1.610360661	17.273745	13.882251	4.74774	3.068198	7.592415651	1.614415349	69.09498	4.538431672	3.691870964	18.14006336	73.629634	0.91769
2025-02-07	22.00258067	19.62421777	8.434789604	1.634959459	17.2321825	13.902944	4.75836	3.193325	7.584156067	1.632484933	68.92873	4.525743648	3.690039099	18.14013324	73.64408401	0.922134
2025-02-14	22.12067313	19.44348423	8.391600214	1.614107424	17.189955	14.13315	4.69517	3.358797	7.427855119	1.625207881	68.75982	4.544335014	3.705467289	18.15197908	73.59821862	0.93194
2025-02-21	21.55170739	19.45032078	8.540966268	1.651285563	17.06476	14.25731	4.79556	3.519392	7.495634837	1.673063163	68.25904	4.527980684	3.689640095	18.1513383	73.63104092	0.975399
2025-02-28	21.13618279	19.80861422	8.695917725	1.70721027	17.115975	14.472257	4.71454	3.434476	7.304338472	1.610488528	68.4639	4.540919037	3.706855543	18.1079559	73.64426953	0.917493
2025-03-07	20.42394075	19.51787109	8.703701306	1.74869685	16.79807	15.114088	4.87394	3.716259	7.439656439	1.663776561	67.19228	4.587833113	3.750973117	18.07953947	73.5816543	0.934282
2025-03-14	20.33710133	19.48716451	8.617826381	1.74316027	16.7284175	15.219719	4.94219	3.773749	7.404249728	1.746422272	66.91367	4.568643088	3.745659344	18.05507894	73.63061863	0.953438
2025-03-21	20.30956508	19.50976425	8.588280895	1.733864773	16.713825	15.111242	5.06223	3.697788	7.481209847	1.792230153	66.8553	4.560822994	3.734252656	18.07469252	73.63023183	0.983914
2025-03-28	19.95830733	19.67153586	8.691081416	1.768777897	16.6965675	15.128853	5.0029	3.714113	7.533088266	1.834775734	66.78627	4.550353565	3.72860785	18.05916319	73.66187539	0.963046
2025-04-04	19.39090177	19.56990304	8.698125838	1.830111848	16.4963475	15.278277	5.03252	3.920868	8.046930862	1.736014138	65.98539	4.399180486	3.646988116	18.05869527	73.89513613	1.02153
2025-04-11	20.52371075	19.67094676	8.610309164	1.72559333	16.84352	14.934168	4.88055	3.483478	7.686257859	1.641466141	67.37408	4.496140761	3.68936375	18.01018341	73.80431208	0.958055
2025-04-18	19.81200443	19.49604779	8.602591387	1.817828901	16.5761575	15.487241	5.09843	3.537668	7.852941827	1.719089173	66.30463	4.510604295	3.714136056	18.0536362	73.72162345	0.991208
2025-04-25	20.63936267	19.21891907	8.438521197	1.738974563	16.6785925	15.337467	4.99578	3.517934	7.77402923	1.66041977	66.71437	4.528581389	3.72900359	18.0906667	73.65174833	0.96304
2025-05-02	20.78280613	19.12051626	8.343705484	1.748399626	16.6651425	15.347546	4.97683	3.50338	7.937843504	1.573830496	66.66057	4.468452376	3.712900383	18.03407383	73.78457341	0.957464
2025-05-09	20.74188246	19.12938565	8.324324009	1.740855378	16.6454825	15.286378	5.03504	3.543841	7.9366103	1.6162007	66.58193	4.479156526	3.713204736	18.04856869	73.75907005	0.968548
2025-05-16	21.54114665	19.03998235	8.294559681	1.666443815	16.8473775	14.858344	4.81892	3.476614	7.875652259	1.580959741	67.38951	4.509608461	3.732556749	18.09228024	73.66555455	0.957868
2025-05-23	21.29159986	18.81877462	8.236735283	1.65530773	16.6674725	15.21155	4.99039	3.543329	8.032323443	1.552517557	66.66989	4.527060661	3.7587169	18.08013785	73.63408459	0.965788
2025-05-30	21.56527551	18.81533315	8.231146675	1.667457157	16.7597375	15.118176	4.99241	3.415422	7.916166872	1.518875128	67.03895	4.515895191	3.748085481	18.11295582	73.62306351	0.987932
2025-06-06	21.27153662	19.26004222	8.021312685	1.651148471	16.73468	15.171973	4.84898	3.470002	8.059675648	1.510649352	66.93872	4.577427577	3.778258522	18.21350302	73.43081088	1.0432
2025-06-13	21.12263265	19.28305785	8.063799796	1.655559701	16.70835	15.169043	4.8614	3.496815	8.039463173	1.599878827	66.8334	4.567704398	3.786376194	18.21176758	73.43415183	1.0646
2025-07-04	21.5644265	19.41657254	8.010573809	1.58128715	16.85762	14.757778	4.76945	3.371141	8.153443754	1.517707246	67.43048	4.556139059	3.825030811	18.15934448	73.45948565	1.09964
2025-07-11	21.62695059	19.34079102	7.992880358	1.578923034	16.846515	14.867337	4.66991	3.41154	8.105459705	1.559693295	67.38606	4.563185038	3.822170641	18.13150323	73.48314109	1.12934
2025-07-18	21.93728736	19.1800321	7.904288698	1.577989343	16.8665325	14.702157	4.62623	3.505581	8.202373347	1.497528653	67.46613	4.562269654	3.815434152	18.15268467	73.46961152	1.12197
2025-07-25	21.88362204	19.18934969	7.919087682	1.588053094	16.8600375	14.675781	4.7934	3.550152	8.047501144	1.493015856	67.44015	4.567542484	3.828670194	18.16931743	73.43446989	1.11793
2025-08-01	21.97263009	19.20938099	7.91665042	1.574668492	16.89111	14.450592	4.87976	3.525957	8.071951305	1.507299695	67.56444	4.576842139	3.811651193	18.07839361	73.53311306	1.10542
2025-08-08	22.21547981	19.02767343	7.868031308	1.53546045	16.882215	14.51957	4.89209	3.509658	8.094338355	1.455483645	67.52886	4.606779435	3.843616667	18.076629	73.4729749	1.12169
2025-08-15	22.04019623	19.01606035	7.872371794	1.525109125	16.8179125	14.602633	5.02561	3.564142	8.087055253	1.448909747	67.27165	4.623872939	3.863550834	18.09975343	73.4128228	1.12554
2025-08-22	21.72947406	19.1683024	7.986573854	1.555774689	16.813375	14.759761	4.97705	3.600328	7.923830719	1.485530281	67.2535	4.614186691	3.853320762	18.09389313	73.43859942	1.09115
2025-06-20	21.20382244	19.37335647	8.041217176	1.65188391	16.75676	14.957349	4.84367	3.461363	8.09228767	1.61829033	67.02704	4.563403833	3.776952858	18.21374609	73.44589722	1.12147
2025-06-27	21.5250137	19.27440409	7.930727496	1.584482217	16.7715425	14.925185	4.84571	3.44866	8.18084564	1.51342936	67.08617	4.577308739	3.794684252	18.20804396	73.41996305	1.1126
2025-08-29	21.99526546	19.14835645	7.956083138	1.558129957	16.885945	14.455028	4.93209	3.624411	7.92328712	1.52140388	67.54378	4.622162856	3.850640615	18.06559766	73.46159887	1.10651
2025-09-05	22.14200949	19.03651545	7.894348376	1.549186682	16.87402	14.419993	4.94356	3.663549	8.013484129	1.463333871	67.49608	4.590468315	3.851826447	18.13784673	73.41985851	1.11035
2025-09-12	22.2804923	18.93750825	7.799710018	1.528929434	16.84888	14.301206	4.93482	3.752387	8.154467024	1.461599976	67.39552	4.584563078	3.853240076	18.15930462	73.40289222	1.17195
2025-09-19	22.54805921	18.94164888	7.745401607	1.487315305	16.907475	14.191013	4.86358	3.738035	8.136055953	1.441416047	67.6299	4.605586752	3.852700197	18.16712492	73.37458813	1.18337
2025-09-26	22.46848394	18.99000498	7.807284728	1.503001348	16.922925	14.195863	4.88515	3.719337	7.994873861	1.513076139	67.6917	4.602254492	3.864631798	18.14856958	73.38454413	1.16487
2025-10-09	22.69318172	18.73485113	7.701839112	1.453278042	16.86105	14.244595	4.8406	3.774707	8.269973299	1.425924701	67.4442	4.554154553	3.843024324	18.11335335	73.48946777	1.22416
2025-10-10	22.37601204	18.73250464	7.725381503	1.478119316	16.7706725	14.376606	4.87761	3.76903	8.468539458	1.425524542	67.08269	4.520688265	3.822984897	18.10583774	73.55048909	1.27101
2025-10-17	22.47209124	18.81071594	7.735976006	1.501509309	16.8400975	14.375986	4.83777	3.581847	8.430799954	1.413207046	67.36039	4.526198939	3.827862833	18.11433196	73.53160627	1.30632
