date	국내주식	미국주식	유럽주식	일본주식	중국주식	신흥국주식	원자재	글로벌리츠	하이일드채권	신흥국채권	선진국채권	국내채권	ERC_SR	APC_wERC
2018-09-30	0.015211308	0.017202951	0.019696785	0.017329735	0.009806459	0.012025876	0.017750407	0.01864094	0.069125624	0.048017863	0.485463275	0.269728778	-0.575301691	-0.020399048
2018-10-07	0.015650291	0.019830525	0.021562534	0.019542498	0.010961007	0.011940864	0.022076807	0.019259338	0.07628062	0.048206635	0.46053747	0.274151412	-0.69635657	0.030656189
2018-10-14	0.012908266	0.016984892	0.017569961	0.016207815	0.00954565	0.011881226	0.021506954	0.018170753	0.077517083	0.050915154	0.486716326	0.260075919	-1.128732496	-0.011957264
2018-10-21	0.013098111	0.016710807	0.018135241	0.016391446	0.009719243	0.011878862	0.02164386	0.017232728	0.076348734	0.051853834	0.491534815	0.25545232	-1.057822882	-0.01780616
2018-10-28	0.010479148	0.016381892	0.018158605	0.014146057	0.010601604	0.01211276	0.022496185	0.018139035	0.074151174	0.055169991	0.483746372	0.264417177	-0.9875661	-0.042551385
2018-11-04	0.010495984	0.016018713	0.016983622	0.014156625	0.009681774	0.010793694	0.022263201	0.018340376	0.074429258	0.056272791	0.490841828	0.259722133	-1.110241256	-0.059599548
2018-11-11	0.010975161	0.015802428	0.017527613	0.014560211	0.009697155	0.011028927	0.022415713	0.016774302	0.075286015	0.057230168	0.497872593	0.250829715	-1.06064667	-0.058686778
2018-11-18	0.011577069	0.016299392	0.018121845	0.015215423	0.009809605	0.011374076	0.02342871	0.017586544	0.070163065	0.05809469	0.474864121	0.273465461	-0.902828298	-0.058775529
2018-11-25	0.011715992	0.01501248	0.018450255	0.016123098	0.009829826	0.011436621	0.018171237	0.017442719	0.069842931	0.057445657	0.476992457	0.277536726	-1.176784932	-0.068393602
2018-12-02	0.012026346	0.012913965	0.019539176	0.016248233	0.01015486	0.011568865	0.019491634	0.018028944	0.075238736	0.060750289	0.487294904	0.256744048	-1.112296691	-0.049423641
2018-12-09	0.013452599	0.01379081	0.020172985	0.017685547	0.011149582	0.012740337	0.020054374	0.019693141	0.080791456	0.062303033	0.470849502	0.257316636	-0.89050632	-0.036618696
2018-12-16	0.013910195	0.013921902	0.020732557	0.017506142	0.011123985	0.012730465	0.019492895	0.019210111	0.080636299	0.062479571	0.467073822	0.261182056	-1.019286161	-0.035664288
2018-12-23	0.01555283	0.011023585	0.019737486	0.014029793	0.01084104	0.013266773	0.015468135	0.015337062	0.064077023	0.067805402	0.495009916	0.257850955	-1.096547781	-0.060200545
2018-12-30	0.016407422	0.010681801	0.020259394	0.014190269	0.010999736	0.013625092	0.016636174	0.016163207	0.066448203	0.069624215	0.477600635	0.267363851	-1.155184917	-0.053492391
2019-01-06	0.017764027	0.011109351	0.019813828	0.015312567	0.011707533	0.014536758	0.016489041	0.017507419	0.061742428	0.070484299	0.456310979	0.28722177	-0.994294516	-0.032302097
2019-01-13	0.016456947	0.011131632	0.020126834	0.0145089	0.010962736	0.01345191	0.014994258	0.015174675	0.05000443	0.066296638	0.459100416	0.307790624	-0.620944379	-0.048496142
2019-01-20	0.015966884	0.010994194	0.019493479	0.014618338	0.010769232	0.013234623	0.014795876	0.014954382	0.049322879	0.064051315	0.457150684	0.314648114	-0.522749634	-0.056984495
2019-01-27	0.015458397	0.011468216	0.019493721	0.014781808	0.010942306	0.013306584	0.015479056	0.015070882	0.050125579	0.062601153	0.447698124	0.323574175	-0.50116865	-0.048213778
2019-02-03	0.014965744	0.011497348	0.020356788	0.014647186	0.010291071	0.01281892	0.015083766	0.013627876	0.045887409	0.056427548	0.437167879	0.347228466	0.105926331	-0.078398041
2019-02-10	0.014918321	0.01101939	0.021180617	0.015132304	0.011028738	0.01285398	0.016517209	0.013736428	0.046950918	0.062722058	0.379671433	0.394268606	0.647020118	-0.08547634
2019-02-17	0.015313695	0.010769991	0.019528386	0.014427241	0.011477289	0.013326095	0.016350943	0.014398064	0.0473105	0.065792209	0.361572982	0.409732605	0.600715396	-0.076449765
2019-02-24	0.015128858	0.011107238	0.019961345	0.014200813	0.010396062	0.012738476	0.016207092	0.014709852	0.045942146	0.063968247	0.349230756	0.426409113	0.779132025	-0.080577995
2019-03-03	0.01483277	0.01127209	0.02062239	0.014441454	0.010297827	0.012779054	0.016217439	0.014912401	0.044981785	0.06210372	0.342995099	0.434543971	0.946777542	-0.083871772
2019-03-10	0.014653216	0.011561531	0.021498327	0.014295133	0.010614996	0.012938491	0.016947597	0.015693678	0.045825201	0.062866485	0.332021864	0.441083481	0.795832206	-0.086171915
2019-03-17	0.014536696	0.010875445	0.019147021	0.014385927	0.010436971	0.012454314	0.016346059	0.015058519	0.041874697	0.056030104	0.317726528	0.471127718	1.038663205	-0.09252652
2019-03-24	0.0166155	0.01272017	0.022851669	0.015965025	0.011870266	0.014488095	0.017616953	0.017646959	0.047056326	0.06208195	0.316138152	0.444948933	1.212758907	-0.060531192
2019-03-31	0.018005933	0.013764373	0.024607993	0.017758569	0.012573489	0.01559658	0.01871877	0.01916726	0.049870614	0.06682758	0.347623372	0.395485466	1.051469266	-0.051173772
2019-04-07	0.016717156	0.013511867	0.023121227	0.01734956	0.011878082	0.014833688	0.01787403	0.019146244	0.0486811	0.065282353	0.348264452	0.403340241	1.227386625	-0.066527125
2019-04-14	0.017026668	0.013907736	0.023540772	0.017229145	0.012015308	0.015214104	0.017668529	0.019018179	0.048377149	0.065579498	0.338426268	0.411996645	1.191044024	-0.062834973
2019-04-21	0.016297937	0.013921171	0.023234028	0.016630803	0.012033048	0.015050981	0.016720404	0.017477103	0.048215642	0.064605108	0.343561107	0.412252668	1.392216907	-0.072953588
2019-04-28	0.016395973	0.014356045	0.023634679	0.016680019	0.01194331	0.015451197	0.016968817	0.017204783	0.049514816	0.065823578	0.33607108	0.415955703	1.484232688	-0.071519143
2019-05-05	0.016367107	0.013984095	0.022584577	0.016367439	0.011726054	0.015523106	0.015879066	0.016440336	0.049684331	0.06880348	0.320310731	0.432329679	1.698637712	-0.080125067
2019-05-12	0.014679659	0.014077554	0.020120981	0.015194522	0.010661608	0.012971526	0.016307725	0.016919757	0.050955739	0.071069909	0.324734659	0.432306361	1.499724534	-0.082281589
2019-05-19	0.015046505	0.014669505	0.020364894	0.015380642	0.010836858	0.012992453	0.016139358	0.017547761	0.054173801	0.07627855	0.333019832	0.413549842	1.646549992	-0.07803576
2019-05-26	0.015414972	0.01465603	0.02004616	0.015199549	0.010553139	0.01307809	0.015060292	0.017793608	0.054515101	0.076950492	0.335329541	0.411403027	1.562777909	-0.079748803
2019-06-02	0.017535725	0.016690013	0.022877638	0.017199445	0.012019914	0.014705527	0.017299318	0.020989613	0.063083966	0.089338649	0.328927427	0.379332765	1.431389167	-0.060683083
2019-06-09	0.018098333	0.015384172	0.022388914	0.017878423	0.013475547	0.015891474	0.018945284	0.020324791	0.057963343	0.074945791	0.315226704	0.409477225	1.581510335	-0.056808703
2019-06-16	0.018508604	0.015729578	0.02251404	0.017930327	0.013537688	0.016497226	0.019873549	0.021141186	0.059302853	0.076957755	0.333641491	0.384365704	1.783152151	-0.052749659
2019-06-23	0.019082087	0.016017371	0.02288877	0.01954264	0.012384152	0.015231109	0.018797714	0.022351035	0.05387503	0.061623141	0.341827139	0.396379813	2.003978427	-0.051509378
2019-06-30	0.018955415	0.015920733	0.02280174	0.01950881	0.01232458	0.015311911	0.018359091	0.021732767	0.05352223	0.06058888	0.338445675	0.402528167	2.063368956	-0.051528389
2019-07-07	0.019407816	0.015969987	0.022914071	0.019067958	0.012495252	0.01579396	0.018850422	0.020793467	0.055511654	0.059579714	0.353126377	0.386489322	2.121610999	-0.050808698
2019-07-14	0.019176351	0.016001095	0.022582715	0.018917431	0.012282146	0.015860537	0.018557373	0.020640926	0.055860025	0.059934849	0.353175405	0.387011147	2.044891275	-0.047777056
2019-07-21	0.020086494	0.016863677	0.023747345	0.019802875	0.012996688	0.016839089	0.019043357	0.021888788	0.059480726	0.062732926	0.372920874	0.353597162	2.186116953	-0.043045439
2019-07-28	0.020414455	0.016924196	0.02382751	0.020060935	0.013260318	0.017150077	0.019264692	0.022459133	0.060404937	0.064312912	0.383706195	0.338214642	2.22027999	-0.037795355
2019-08-04	0.020148213	0.017034511	0.023358817	0.020670672	0.013401594	0.015995396	0.020058354	0.022506308	0.063821647	0.069190003	0.367629008	0.346185475	2.199145845	-0.045385982
2019-08-11	0.020174744	0.01772924	0.023936609	0.021173138	0.013533515	0.016408125	0.020787842	0.022713896	0.066754311	0.064669686	0.372137846	0.339981048	2.147395372	-0.040617333
2019-08-18	0.021329348	0.01862664	0.02547672	0.022419346	0.014157008	0.017647713	0.022100303	0.023543329	0.071272725	0.0664638	0.375565256	0.321397812	2.156469853	-0.038679453
2019-08-25	0.022153101	0.018446812	0.025791639	0.022769721	0.014605001	0.018284099	0.02274876	0.023167279	0.07172826	0.068548466	0.389935748	0.301821113	1.897384721	-0.039555201
2019-09-01	0.021790323	0.017504608	0.024411784	0.022500773	0.014549488	0.018112269	0.022478683	0.022478466	0.071154584	0.066662539	0.382242043	0.316114442	1.991608762	-0.044393127
2019-09-08	0.02088899	0.016800816	0.024221993	0.022510849	0.013902388	0.017562805	0.021787292	0.021994045	0.06920097	0.061813178	0.411704733	0.297611941	2.454979435	-0.07076388
2019-09-15	0.024269854	0.019056041	0.027001748	0.024606344	0.016227015	0.020705404	0.025334247	0.02338875	0.079436062	0.066179229	0.302595694	0.371199611	1.819323375	-0.030513284
2019-09-22	0.02438764	0.019612343	0.027743853	0.024573564	0.01656389	0.021421309	0.024977722	0.023243825	0.082632621	0.06672698	0.298846454	0.369269801	1.776179082	-0.019723337
2019-09-29	0.023732975	0.019454312	0.027855375	0.024761189	0.015902104	0.021029856	0.024505011	0.022964447	0.081741629	0.067230636	0.297036631	0.373785833	1.716738036	-0.021624485
2019-10-06	0.025290723	0.018260362	0.028080372	0.024213614	0.015825249	0.022909529	0.020853492	0.023652799	0.082703608	0.071272661	0.282786213	0.384151378	2.398936419	-0.057889717
2019-10-13	0.027722708	0.01958045	0.031412396	0.026167199	0.017655855	0.023731368	0.022668368	0.026353591	0.083188144	0.074507337	0.271361559	0.375651025	2.413801802	-0.041466168
2019-10-20	0.028195574	0.020058304	0.031857414	0.026811133	0.018022762	0.024348089	0.022967379	0.02583105	0.082939821	0.075920379	0.28625821	0.356789885	2.52900536	-0.040046198
2019-10-27	0.030778619	0.020527673	0.03217626	0.028370683	0.017525042	0.024663825	0.022897343	0.026172315	0.084326124	0.078977491	0.292688799	0.340895825	2.809567462	-0.032523679
2019-11-03	0.031007829	0.02034841	0.032643613	0.028239992	0.017349903	0.023402384	0.021815604	0.026825582	0.085441333	0.079102311	0.277504779	0.35631826	2.692612224	-0.026362265
2019-11-10	0.031961062	0.020799116	0.033169895	0.028769629	0.017507677	0.023783483	0.02217626	0.02315441	0.08681986	0.075646834	0.2702808	0.365930974	2.486722493	-0.022628391
2019-11-17	0.031320169	0.020483661	0.033251432	0.028845798	0.016755743	0.02345602	0.022267799	0.022533649	0.088685482	0.076825235	0.260573095	0.375001916	2.650715358	-0.020314259
2019-11-24	0.030016864	0.021421856	0.03341108	0.027992823	0.017144558	0.02373062	0.024285498	0.022440662	0.090097263	0.079709391	0.273620083	0.356129302	2.969674007	-0.020768646
2019-12-01	0.030847185	0.021275145	0.032651839	0.028584201	0.016959143	0.024290116	0.023661843	0.021931325	0.08310007	0.078233913	0.279384033	0.359081186	2.836150429	-0.032952074
2019-12-08	0.030647199	0.020659488	0.031123334	0.027901907	0.016852496	0.024090772	0.023077384	0.02187988	0.081585712	0.078674086	0.283760054	0.35974769	2.889688569	-0.031141445
2019-12-15	0.025869227	0.021420364	0.031135802	0.028521844	0.01644149	0.021867385	0.02379415	0.023904689	0.072711444	0.068046908	0.300709051	0.365577647	3.22242157	-0.044798622
2019-12-22	0.02150865	0.024129656	0.029800082	0.035733919	0.015897723	0.01918839	0.026495831	0.025316577	0.071219829	0.057310411	0.288902271	0.384496661	4.292261545	-0.066530321
2019-12-29	0.021481341	0.023839845	0.02953631	0.035968643	0.015691629	0.018973169	0.025759845	0.025310116	0.071030863	0.056054616	0.287603587	0.388750035	4.403826193	-0.068192885
2020-01-05	0.021788485	0.025704341	0.031752803	0.036004225	0.015566427	0.019512704	0.026802636	0.026463428	0.074362852	0.058980112	0.30003841	0.363023578	4.439041937	-0.059556362
2020-01-12	0.023123106	0.026583669	0.030695593	0.040297658	0.016709237	0.020740434	0.025714204	0.030807706	0.078110211	0.061369972	0.314320328	0.331527881	3.909392662	-0.049492466
2020-01-19	0.022588307	0.024856128	0.030013702	0.041065572	0.016563516	0.020481694	0.026561183	0.028524126	0.077271966	0.062097771	0.309862493	0.340113543	3.830684907	-0.049467409
2020-01-26	0.023490991	0.024633418	0.030731819	0.042810228	0.015163745	0.019769737	0.022025925	0.029650447	0.077403596	0.06370266	0.309308211	0.341309223	3.622506378	-0.05105666
2020-02-02	0.018641402	0.024651245	0.028520844	0.040036768	0.015786881	0.016896059	0.020788864	0.030003055	0.085559248	0.068053601	0.309404114	0.34165792	3.145413129	-0.0727818
2020-02-09	0.016681814	0.021275425	0.024984333	0.036454899	0.015521498	0.016078732	0.021854992	0.029051917	0.084450291	0.07004615	0.319593365	0.344006584	3.414478591	-0.082929349
2020-02-16	0.016456016	0.020631938	0.024623743	0.037244764	0.01465878	0.015432273	0.021795933	0.023901275	0.083013148	0.068838148	0.3198557	0.35354828	3.368232952	-0.091854612
2020-02-23	0.017319196	0.02208932	0.02626665	0.040576122	0.015809196	0.016547655	0.02266571	0.026093449	0.088770018	0.071375202	0.348897902	0.303589579	3.294913669	-0.080466587
2020-03-01	0.015979125	0.009742107	0.009549947	0.020179592	0.022898287	0.015721118	0.014361674	0.008039168	0.050903266	0.054060005	0.454854883	0.323710827	2.114551518	-0.203742608
2020-03-08	0.015543306	0.010043465	0.010526901	0.02200202	0.021158967	0.016299821	0.016155786	0.00855956	0.053670794	0.04950074	0.384857871	0.391680768	2.157058075	-0.1770849
2020-03-15	0.013379119	0.015820844	0.005596137	0.011930712	0.035312106	0.014169397	0.013213724	0.011603255	0.010268195	0.010185288	0.489258565	0.369262657	0.480803518	0.024767406
2020-03-22	0.010038462	0.00816059	0.006523616	0.015853802	0.030536937	0.010710864	0.010094953	0.004301404	0.00409159	0.005035838	0.554056776	0.340595168	0.527339664	-0.033524079
2020-03-29	0.011975054	0.01137526	0.008554038	0.017678409	0.031879133	0.012486962	0.012021709	0.007253101	0.010591108	0.008764001	0.507821253	0.359599972	0.507893544	0.035019553
2020-04-05	0.012250107	0.011747622	0.008988908	0.016348962	0.032250641	0.012872867	0.01334653	0.007269105	0.011058963	0.009251715	0.504985815	0.359628765	0.465143393	0.044416881
2020-04-12	0.012551978	0.012433176	0.01027218	0.016029854	0.031791877	0.013972052	0.015389141	0.008304167	0.013440331	0.010702367	0.534086936	0.321025939	0.619513809	0.050651638
2020-04-19	0.012473257	0.012294133	0.010516016	0.016070035	0.031154192	0.014100427	0.015667575	0.008346972	0.013846141	0.011224572	0.53198621	0.32232047	0.660847847	0.050262284
2020-04-26	0.012798175	0.012766087	0.011066126	0.01652515	0.030889287	0.014405537	0.013385983	0.008540302	0.014499412	0.011551808	0.53453832	0.319033813	0.59137976	0.057698047
2020-05-03	0.012785027	0.012986015	0.011394751	0.016537259	0.03051907	0.014419227	0.01343966	0.00855827	0.014687256	0.012146653	0.535243579	0.317283233	0.660948209	0.056614207
2020-05-10	0.013284976	0.01305186	0.011760519	0.016890846	0.030605879	0.015017885	0.014389855	0.008729122	0.015137489	0.012614121	0.544774221	0.303743228	0.780727951	0.061589934
2020-05-17	0.013402973	0.013154071	0.012038887	0.017092321	0.030141364	0.01504784	0.014674292	0.008740725	0.015565882	0.012906119	0.544869983	0.302365542	0.773956402	0.062484761
2020-05-24	0.013298184	0.012984596	0.011993505	0.016988539	0.02992864	0.015234238	0.014501061	0.008625444	0.015689891	0.014149334	0.547860041	0.298746528	0.85255357	0.059375491
2020-05-31	0.013244485	0.012672558	0.012025781	0.016227032	0.030121249	0.015348239	0.01397211	0.008432822	0.015960358	0.014305158	0.545810071	0.301880138	0.926295527	0.061761076
2020-06-07	0.012599746	0.012384406	0.011986195	0.016059718	0.02600309	0.014480005	0.013724726	0.008264245	0.015992785	0.014660133	0.551903065	0.301941887	0.947111871	0.028968716
2020-06-14	0.012947654	0.012429235	0.011808585	0.016330562	0.027021361	0.014949804	0.014025065	0.008380701	0.016506462	0.015675919	0.54607879	0.303845861	0.90918483	0.0267131
2020-06-21	0.01302366	0.012400458	0.011842275	0.016088307	0.025565207	0.014911644	0.013998368	0.008395966	0.01669522	0.01586021	0.547728291	0.303490392	0.875041595	0.021440702
2020-06-28	0.01326209	0.012424872	0.012170591	0.01629043	0.026402551	0.015240035	0.014288226	0.008396753	0.017154019	0.016838552	0.549360028	0.298171852	0.877707813	0.021582627
2020-07-05	0.013457723	0.01230885	0.012499744	0.016565738	0.02360811	0.015079587	0.014116081	0.008315292	0.0177672	0.017634473	0.547228843	0.301418357	0.960206757	0.020931531
2020-07-12	0.013662539	0.012320549	0.012823658	0.016676882	0.020133266	0.0147859	0.014128231	0.008372293	0.018062737	0.018323606	0.550455625	0.300254714	1.068326792	0.017824171
2020-07-19	0.01371275	0.012344004	0.013168637	0.016542071	0.01984722	0.015062954	0.014135353	0.008366572	0.018345371	0.019339048	0.553176089	0.29595993	1.064444931	0.019383061
2020-07-26	0.014002332	0.012596711	0.013710806	0.016749735	0.020227547	0.015389811	0.014510457	0.008483449	0.018702086	0.02001135	0.557545882	0.288069833	1.119258079	0.020135283
2020-08-02	0.014097299	0.012715718	0.013936925	0.016540559	0.019465253	0.015364772	0.015049513	0.008537446	0.0194633	0.021374597	0.552959171	0.290495447	1.148620768	0.030711301
2020-08-09	0.013330421	0.012589967	0.014120946	0.016071337	0.018891593	0.015393926	0.015253514	0.008500415	0.019893883	0.021982546	0.555346094	0.288625357	1.218780176	0.031584661
2020-08-16	0.013143383	0.012607421	0.014124264	0.01548323	0.019237435	0.015379281	0.015577272	0.008488007	0.019892416	0.02126275	0.560301439	0.284503102	1.138115529	0.030742616
2020-08-23	0.012728756	0.012486718	0.013853635	0.015454465	0.019259716	0.01516996	0.015355074	0.008453276	0.019525798	0.020818794	0.562688117	0.284205692	1.191416252	0.030463969
2020-08-30	0.012494237	0.012173422	0.013595475	0.015396353	0.018478438	0.01477551	0.015039755	0.008391704	0.019154591	0.020375315	0.570132074	0.279993127	1.25001625	0.024978598
2020-09-06	0.012583847	0.012094168	0.013488123	0.015646914	0.018595954	0.014647342	0.014756785	0.008509571	0.019193186	0.020436071	0.576573299	0.273474741	1.147807468	0.030226938
2020-09-13	0.011767002	0.011363258	0.012625584	0.014325764	0.017449571	0.013711873	0.013829982	0.008102328	0.017964263	0.019082057	0.607407247	0.25237107	1.508385966	0.015788877
2020-09-20	0.011385598	0.011003869	0.012145156	0.013933416	0.016716368	0.01313609	0.013124596	0.007913273	0.017252452	0.01832702	0.628166884	0.236895278	1.587037847	0.007794363
2020-09-27	0.010555834	0.010798386	0.011545441	0.013721743	0.015428675	0.012255794	0.012651052	0.00780435	0.0164356	0.017456248	0.642194841	0.229152035	1.532595857	0.001430242
2020-10-04	0.010072125	0.010395723	0.010934226	0.013217154	0.015071818	0.011728645	0.012094412	0.007481146	0.015720572	0.016696616	0.65077906	0.225808503	1.453723204	-0.003101514
2020-10-11	0.008719348	0.008948541	0.009347602	0.011410098	0.012583989	0.0100017	0.010080826	0.006580422	0.013553627	0.014346386	0.705326523	0.189100938	1.453723204	-0.010902748
2020-10-18	0.008040243	0.008310792	0.008607423	0.010612248	0.011779615	0.009249838	0.00932724	0.006154184	0.012513728	0.01318638	0.727806819	0.174411491	2.332868904	-0.043003544
2020-10-25	0.007556164	0.007837598	0.008007805	0.010042851	0.01134494	0.0086809	0.0086833	0.00584563	0.011709099	0.012260418	0.741633206	0.166398089	2.591294523	-0.0470693
2020-11-01	0.006381103	0.006418044	0.006586345	0.008582525	0.009919945	0.007415648	0.007267192	0.005002836	0.010095105	0.010580093	0.777582548	0.144168615	2.762774343	-0.058493285
2020-11-08	0.004068344	0.004040123	0.004194807	0.005493481	0.00608988	0.004643812	0.004925959	0.003337856	0.006739832	0.007081301	0.847287376	0.102097229	5.074436861	-0.095073392
2020-11-15	0.002593123	0.002598744	0.002632694	0.003500829	0.003941348	0.002980687	0.003133423	0.00212356	0.004300967	0.004496633	0.901184234	0.066513758	7.683836414	-0.12266863
2020-11-22	0.001689768	0.001730232	0.001730328	0.00230702	0.002609208	0.001956695	0.002041987	0.001421089	0.00282554	0.002937732	0.934928918	0.043821484	12.06192857	-0.136811354
2020-11-29	0.000630633	0.000653374	0.000655058	0.000854979	0.000996832	0.000736295	0.000756867	0.000545633	0.001063468	0.001102181	0.974771084	0.017233597	32.83561944	-0.154546588
2020-12-06	0.000577585	0.000606107	0.000607093	0.000804666	0.000930995	0.000681448	0.000698892	0.000512812	0.000977673	0.001013258	0.976371311	0.01621816	35.98417133	-0.156706698
2020-12-13	0.000588505	0.000618461	0.000616166	0.00082834	0.000954212	0.000695621	0.000709746	0.000518024	0.000993608	0.001021124	0.975353825	0.017102368	36.7946363	-0.15669701
2020-12-20	0.000597724	0.000627765	0.000621133	0.000841385	0.000966735	0.000704209	0.000709125	0.000528032	0.00100006	0.001022503	0.974986818	0.01739451	37.83785056	-0.155804333
2020-12-27	0.000603817	0.000640805	0.000629286	0.000859561	0.000983389	0.00071525	0.000719753	0.000538468	0.001013544	0.001031242	0.974565031	0.017699854	36.404327	-0.15564284
2021-01-03	0.000586773	0.000631584	0.000620232	0.000841034	0.000944732	0.000695203	0.000712907	0.000542819	0.000997819	0.001011065	0.974162213	0.018253619	35.31010465	-0.157460723
2021-01-10	0.000511274	0.000607404	0.000587153	0.000793668	0.000856467	0.000641828	0.000671584	0.000528052	0.000959892	0.000969904	0.975078865	0.01779391	35.94596635	-0.169596299
2021-01-17	0.00051523	0.000616806	0.000591795	0.000805606	0.000871183	0.000648592	0.000675326	0.000539269	0.000967566	0.000968734	0.974600223	0.01819967	36.4181062	-0.168891172
2021-01-24	0.000529479	0.000626767	0.00060761	0.000836641	0.000836133	0.00065454	0.000691623	0.000559764	0.000986352	0.000986336	0.973146686	0.01953807	32.97142275	-0.163118039
2021-01-31	0.00049987	0.000608175	0.000590196	0.000814578	0.000788744	0.000613338	0.000689673	0.000565666	0.000983525	0.000986758	0.974120977	0.018738501	28.67421889	-0.148319967
2021-02-07	0.000483769	0.000581078	0.00057515	0.000763341	0.000753564	0.000584077	0.000660775	0.000568241	0.000978172	0.000977168	0.973792909	0.019281756	30.83875562	-0.146947095
2021-02-14	0.000490592	0.000585613	0.000575917	0.000750226	0.000719732	0.000581957	0.000654982	0.000572866	0.000977451	0.000974101	0.973682327	0.019434237	31.17168234	-0.147401583
2021-02-21	0.000483891	0.000583934	0.00057429	0.00075042	0.000729501	0.000576959	0.000659086	0.000580599	0.000974058	0.000968417	0.977033031	0.016085815	27.00855021	-0.142372872
2021-02-28	0.009216174	0.011451321	0.011270701	0.014503947	0.010781034	0.01007038	0.013119067	0.012206338	0.019076635	0.018702653	0.60163147	0.267970281	1.080769894	0.170667838
2021-03-07	0.010909857	0.013402062	0.012669622	0.015933648	0.012974553	0.011707542	0.014599002	0.014900666	0.022037062	0.021816307	0.555808825	0.293240854	0.777297092	0.198954324
2021-03-14	0.008814915	0.009389269	0.013802828	0.015476784	0.00962142	0.00939037	0.015591055	0.010380947	0.019623714	0.022028586	0.596179873	0.269700239	2.409474583	-0.010269479
2021-03-21	0.008379162	0.011430823	0.011523843	0.012156962	0.009377021	0.008780011	0.017145594	0.19346073	0.074085792	0.036929647	0.336218778	0.280511637	9.638045957	0.221231911
2021-03-28	0.009895293	0.011675428	0.012955997	0.01376623	0.009661326	0.009222619	0.017005716	0.030625226	0.052182801	0.038311285	0.502131404	0.292566674	3.781872691	0.017603374
2021-04-04	0.009989428	0.011976663	0.013173318	0.014015087	0.0099318	0.009404339	0.016348741	0.050630529	0.054812963	0.040240093	0.486691328	0.282785712	4.632149625	0.038061246
2021-04-11	0.010685392	0.011636089	0.013687313	0.016085639	0.010388872	0.010069304	0.012765037	0.015713651	0.044332649	0.039484233	0.443747175	0.371404647	2.894636449	-0.032433381
2021-04-18	0.010732631	0.0117932	0.013825435	0.016755971	0.010767593	0.010307724	0.011789264	0.014844886	0.043702999	0.037838563	0.445295459	0.372346274	2.963936636	-0.029507901
2021-04-25	0.010393618	0.011251935	0.013112812	0.015909417	0.010445042	0.010066296	0.013431657	0.015201574	0.047042158	0.038487131	0.418183736	0.396474624	3.696501095	-0.046881137
2021-05-02	0.010985213	0.011743764	0.01400567	0.016737524	0.011001305	0.010710532	0.014260314	0.016180908	0.052432614	0.042123522	0.448746653	0.351071981	3.500236356	-0.030043433
2021-05-09	0.010456496	0.011982289	0.013585696	0.016513873	0.01126944	0.010376396	0.014741207	0.017205384	0.051925161	0.040689122	0.41393668	0.387318256	3.405386845	-0.048323896
2021-05-16	0.010672263	0.012087582	0.01406896	0.015919399	0.011569184	0.010086723	0.014671718	0.018303547	0.054525263	0.043072851	0.4059938	0.38902871	3.366964989	-0.029787078
2021-05-23	0.010638351	0.012258124	0.014225461	0.015782049	0.010528719	0.009654674	0.015195453	0.018943291	0.053315524	0.040695892	0.387569588	0.411192875	3.037041999	-0.040690459
2021-05-30	0.010583078	0.012081006	0.014112267	0.01580385	0.009968458	0.009266295	0.014769425	0.018790971	0.053314628	0.040797341	0.387404771	0.41310791	2.804216291	-0.052899004
2021-06-06	0.011595076	0.013420135	0.015106584	0.017932026	0.011548573	0.010271119	0.016090974	0.018744338	0.048416716	0.043398357	0.348576522	0.444899579	2.312318309	0.011105867
2021-06-13	0.013609413	0.015606748	0.017332599	0.02130842	0.013610113	0.011994573	0.018579311	0.020615569	0.05640415	0.04805707	0.336752903	0.426129132	2.873521693	0.071828855
2021-06-20	0.015706501	0.01754639	0.019744776	0.024478064	0.015577355	0.013568512	0.020353675	0.021784884	0.062465449	0.052597775	0.221514787	0.514661832	2.485449432	0.068127311
2021-06-27	0.016695606	0.017533342	0.02068467	0.026234626	0.016368516	0.014339974	0.021321762	0.022775625	0.065586635	0.056313874	0.239339141	0.482806231	2.709759361	0.089769914
2021-07-04	0.016836697	0.017271674	0.021125345	0.025509819	0.016400338	0.014374452	0.02131739	0.023227896	0.066535821	0.057323298	0.244234434	0.475842837	2.545616956	0.092475526
2021-07-11	0.017613194	0.018340698	0.022334511	0.025998948	0.01654356	0.014943103	0.02262775	0.022394643	0.070999676	0.060450002	0.252355396	0.45539852	2.544124587	0.093823389
2021-07-18	0.017128138	0.01825116	0.022394512	0.025762036	0.015415372	0.014253149	0.02205125	0.022068945	0.071536969	0.060116518	0.256024795	0.454997156	2.502549685	0.091693856
2021-07-25	0.0171384	0.01737494	0.021072206	0.025692601	0.015107228	0.014087659	0.022204182	0.022119383	0.071400943	0.06054406	0.24834788	0.464910517	2.390997933	0.083822353
2021-08-01	0.018455482	0.01845361	0.021439311	0.026205494	0.014918035	0.014760487	0.022627684	0.023903602	0.077625731	0.065010692	0.263779857	0.432820014	2.42896836	0.098673701
2021-08-08	0.018090981	0.018662869	0.020906574	0.026246666	0.015017636	0.014721067	0.021691059	0.024204289	0.079967455	0.066494016	0.259250891	0.434746497	2.247312151	0.100176689
2021-08-15	0.017246062	0.018770455	0.02070543	0.023814019	0.0151432	0.014732566	0.02166278	0.024344328	0.080470935	0.066987928	0.261145901	0.434976396	2.198015777	0.102624191
2021-08-22	0.015769844	0.019081406	0.020044018	0.020062804	0.013022989	0.013139424	0.018154319	0.024937529	0.079182806	0.067782149	0.263760869	0.445061844	1.924523761	0.086236322
2021-08-29	0.015646519	0.018951419	0.020613931	0.019356239	0.012710941	0.012463457	0.015446127	0.026530597	0.07368046	0.066348295	0.27476625	0.443485764	1.780648061	0.081112983
2021-09-05	0.014987232	0.019494287	0.021527598	0.016202409	0.012544727	0.011937604	0.016457394	0.022075604	0.071001905	0.060946228	0.278343508	0.454481505	2.153021845	0.069873747
2021-09-12	0.014925152	0.019189274	0.021979023	0.016443861	0.013072177	0.012178587	0.016659149	0.019512276	0.073250864	0.063031308	0.285981557	0.443776772	2.001291138	0.084625554
2021-09-19	0.015711208	0.019662405	0.022501537	0.01714164	0.012630895	0.012258404	0.017584621	0.020281872	0.075619722	0.063945208	0.289697665	0.432964823	1.7933987	0.099790113
2021-09-26	0.018257325	0.02170626	0.026511526	0.018645522	0.01385034	0.013536208	0.019839901	0.022286709	0.102744211	0.066275187	0.278026317	0.398320495	2.193816811	0.161942807
2021-10-03	0.017509684	0.021332176	0.025957933	0.015952284	0.014764527	0.014099226	0.019980771	0.021509844	0.096792419	0.061827596	0.308992771	0.381280768	1.656138111	0.162956632
2021-10-10	0.01966383	0.02460944	0.029895656	0.01807433	0.01726984	0.016277048	0.022602013	0.024950075	0.095410567	0.069402463	0.28842998	0.373414759	1.34304284	0.198635304
2021-10-17	0.019299319	0.023903046	0.02671633	0.017396028	0.017269469	0.016211942	0.022196028	0.022745257	0.099290832	0.069411506	0.290071082	0.375489162	1.495149563	0.194181331
2021-10-24	0.020316092	0.023856279	0.027564076	0.017897782	0.01778848	0.016737928	0.023156132	0.022831049	0.106121586	0.071603638	0.274919313	0.377207646	1.578467906	0.198597747
2021-10-31	0.022403149	0.028526184	0.035275374	0.01954085	0.01722919	0.017094027	0.026827134	0.026093846	0.136357149	0.079040804	0.304699902	0.28691239	2.46435391	0.225988127
2021-11-07	0.026666357	0.030390403	0.035445639	0.021996155	0.020892307	0.020035013	0.031327547	0.032747978	0.125148392	0.090374625	0.296714022	0.268261561	2.049686857	0.221949767
2021-11-14	0.029758706	0.032907908	0.037693296	0.024366639	0.02165266	0.021410393	0.035221481	0.036967929	0.135223088	0.096585184	0.241495772	0.286716945	1.81289026	0.228656211
2021-11-21	0.030673896	0.03166473	0.037685319	0.024546483	0.021434925	0.021129273	0.034354367	0.035499002	0.133928432	0.093720656	0.250312526	0.28505039	1.559381583	0.225975396
2021-11-28	0.033196546	0.030931265	0.028119677	0.02422403	0.021906389	0.020418917	0.031119634	0.035619052	0.101407623	0.077769717	0.276195401	0.319091749	0.719569506	0.183392857
2021-12-05	0.033720269	0.031488637	0.028921061	0.024300296	0.022052139	0.020966722	0.031042488	0.036682813	0.095168721	0.07583885	0.279375186	0.320442817	0.584860495	0.185107031
2021-12-12	0.034766744	0.02702708	0.02686105	0.025422382	0.022324089	0.021726916	0.02937887	0.033751633	0.091492007	0.076719557	0.292191073	0.318338598	0.698333371	0.178069741
2021-12-19	0.035535323	0.026792788	0.027565149	0.025538146	0.021772887	0.021597886	0.03018664	0.033411427	0.092405173	0.077507649	0.2947404	0.312946532	0.594267835	0.176798839
2021-12-26	0.036682023	0.02550937	0.026604024	0.025497017	0.021609898	0.021510496	0.028686845	0.033327361	0.091094643	0.078748349	0.298741486	0.311988488	0.658955095	0.173965187
2022-01-02	0.038114416	0.025365887	0.026241601	0.025548355	0.021751639	0.021485691	0.028760218	0.030243437	0.089750864	0.078758299	0.305265535	0.308714059	0.520746212	0.168691981
2022-01-09	0.036478886	0.030167358	0.033756682	0.033333602	0.026574672	0.027064388	0.038627414	0.027293769	0.100490486	0.082583134	0.229650831	0.333978777	0.109109656	0.220627287
2022-01-16	0.035992827	0.030194321	0.034067592	0.033311344	0.026257128	0.026095737	0.036916542	0.027264337	0.101272861	0.080076721	0.234089138	0.334461452	0.067911686	0.220264216
2022-01-23	0.033241402	0.023221551	0.034380318	0.031741515	0.027791366	0.026846022	0.037660772	0.026337607	0.099532968	0.083632722	0.256996335	0.318617421	-0.273664268	0.222677639
2022-01-30	0.025462738	0.026649286	0.035296339	0.032409471	0.024788305	0.025640939	0.041942142	0.028928297	0.076744772	0.084249584	0.261871246	0.336016881	-0.176210376	0.227716262
2022-02-06	0.024269504	0.026533438	0.037250791	0.03221927	0.025493839	0.025862966	0.042128468	0.030095794	0.079026077	0.085666449	0.25335524	0.338098165	-0.378583112	0.212612097
2022-02-13	0.025512074	0.027620458	0.039375451	0.034503883	0.027770907	0.027519999	0.045256356	0.030678517	0.078746439	0.082748114	0.255480992	0.324786811	-0.567129802	0.213923006
2022-02-20	0.025893716	0.027399825	0.03795126	0.033477262	0.027570627	0.027226729	0.04570406	0.030296707	0.077267831	0.080640997	0.261653809	0.324917178	-0.633182703	0.207456578
2022-02-27	0.024665901	0.028746669	0.037621416	0.032660512	0.029114396	0.024212528	0.043766645	0.030461921	0.073006546	0.046765753	0.282425108	0.346552606	-0.448021287	0.150641055
2022-03-06	0.026274903	0.031603114	0.027606692	0.034617501	0.03066184	0.025824216	0.033706094	0.0321309	0.064271542	0.029423528	0.295401077	0.368478594	-0.40361654	0.102626202
2022-03-13	0.030974558	0.032340068	0.033872975	0.037983487	0.025539308	0.024606489	0.036519753	0.037364253	0.062678502	0.033196982	0.206392525	0.438531099	-0.578672215	0.137983773
2022-03-20	0.030476829	0.026727812	0.033604672	0.029876981	0.025527151	0.023490022	0.037349226	0.034170173	0.062065781	0.038678914	0.218824464	0.439207975	-0.431275623	0.122666938
2022-03-27	0.034916929	0.030320182	0.038268115	0.032986498	0.027926683	0.026200402	0.04268346	0.03870039	0.072339642	0.043694363	0.17974259	0.432220747	-0.324641574	0.131016475
2022-04-03	0.037194124	0.032233484	0.040812404	0.033770824	0.029679314	0.027736601	0.040616004	0.038127278	0.078756927	0.046891221	0.19525367	0.398928149	-0.536213317	0.13218727
2022-04-10	0.04067853	0.035170423	0.04708482	0.034691012	0.031519617	0.030022273	0.043083817	0.04340362	0.078608598	0.048804692	0.212225392	0.354707205	-0.678857751	0.153055628
2022-04-17	0.041097993	0.034239725	0.048225927	0.033494891	0.031431372	0.029651837	0.043328456	0.043240748	0.078950467	0.048917312	0.218248492	0.349172781	-0.937569773	0.144369398
2022-04-24	0.044235381	0.03298183	0.047362452	0.034599943	0.025670082	0.028577325	0.042237771	0.045992373	0.078615122	0.049335596	0.206094213	0.364297912	-1.094922191	0.149497086
2022-05-01	0.044311828	0.031798761	0.048478686	0.034816608	0.02656152	0.029111114	0.042074627	0.03950069	0.073393034	0.048767202	0.212880041	0.368305888	-1.19304429	0.136432898
2022-05-08	0.046248584	0.035460491	0.043000724	0.039528773	0.023339904	0.027728821	0.045541857	0.035432316	0.072105266	0.053171248	0.234989443	0.343452574	-1.441048105	0.146496466
2022-05-15	0.046372846	0.035710778	0.043938272	0.039634377	0.024178048	0.027624919	0.046543192	0.035418216	0.070432172	0.054696852	0.245361792	0.330088537	-1.351893359	0.130305489
2022-05-22	0.045089719	0.035096461	0.044724697	0.039336935	0.023479404	0.026697281	0.045309087	0.036171869	0.071813083	0.0553828	0.244733685	0.332164978	-1.396992886	0.127328389
2022-05-29	0.048811907	0.029847321	0.042696345	0.0432777	0.02641165	0.028776989	0.043713972	0.032324365	0.069472308	0.055294846	0.248722375	0.330650221	-1.355832052	0.139382543
2022-06-05	0.049981742	0.030129188	0.044217048	0.043166003	0.027049437	0.029537338	0.044608222	0.033546154	0.070738266	0.057637635	0.245254312	0.324134654	-1.514201165	0.135734951
2022-06-12	0.048836006	0.028755227	0.041849938	0.048581328	0.032941619	0.032767183	0.048266361	0.03072438	0.064979403	0.055212715	0.213494248	0.353591593	-1.667681139	0.144909156
2022-06-19	0.042415915	0.032664559	0.044993887	0.048448501	0.046624601	0.037403902	0.050566666	0.035098328	0.061356608	0.061483006	0.304122596	0.234821432	-1.640541004	0.206621166
2022-06-26	0.046749405	0.031062115	0.045903704	0.049004731	0.04590008	0.039586554	0.056136013	0.033022152	0.066041066	0.0662958	0.296793632	0.223504747	-1.523094341	0.223648957
2022-07-03	0.045486904	0.03098501	0.04609386	0.048435832	0.045653598	0.038814542	0.055446545	0.03290635	0.063717247	0.066684292	0.302728234	0.223047586	-1.621243924	0.208002383
2022-07-10	0.045596663	0.030981679	0.04583504	0.047563032	0.046605521	0.039138974	0.055916019	0.033409611	0.065045566	0.068263545	0.301550578	0.220093771	-1.625662977	0.205262097
2022-07-17	0.045942353	0.030585532	0.045887586	0.048259434	0.041088844	0.036761749	0.053332276	0.033469303	0.065661083	0.065846344	0.308885262	0.224280234	-1.875052715	0.19569657
2022-07-24	0.044775207	0.031218774	0.04529218	0.045221805	0.043176761	0.035720668	0.055873969	0.033494387	0.063951374	0.064413184	0.28494829	0.251913401	-1.658750602	0.209784438
2022-07-31	0.044978973	0.031154252	0.044721193	0.050504736	0.046985417	0.038265284	0.054542071	0.032936292	0.065375679	0.063768557	0.282009084	0.244758462	-1.396066983	0.232191508
2022-08-07	0.046351965	0.031922496	0.04609905	0.051962542	0.04916894	0.039693682	0.051236608	0.033609463	0.067247521	0.06617136	0.263225137	0.253311237	-1.552984784	0.232646438
2022-08-14	0.044886166	0.030909074	0.046539616	0.051874286	0.049957367	0.039333773	0.048898593	0.032067218	0.066244415	0.0643538	0.262858038	0.262077655	-1.477183556	0.230041222
2022-08-21	0.045438634	0.030983938	0.048323071	0.053845272	0.051356973	0.039598896	0.051498807	0.031727041	0.064459964	0.061503344	0.261138118	0.260125943	-1.358960892	0.233838855
2022-08-28	0.048378085	0.030819841	0.048650829	0.056888576	0.056072541	0.042125041	0.056603563	0.031359479	0.06761044	0.065659073	0.276964987	0.218867544	-1.669342719	0.232363789
2022-09-04	0.046697022	0.030230324	0.046713706	0.056463641	0.055362053	0.040032007	0.051061981	0.030943874	0.065742064	0.065151083	0.29133476	0.220267485	-2.091625172	0.233371777
2022-09-11	0.047541142	0.029186526	0.047349782	0.054161952	0.055124974	0.041186813	0.053023171	0.029611002	0.065162826	0.06567088	0.298852619	0.213128311	-2.033420534	0.23415774
2022-09-18	0.052162262	0.02849832	0.046817498	0.056176821	0.049854869	0.041222182	0.054616273	0.02784449	0.065457458	0.068445267	0.295490696	0.213413864	-2.155306621	0.247610096
2022-09-25	0.052427302	0.031747345	0.04724733	0.067387331	0.051853114	0.043258842	0.059183428	0.028981622	0.070258395	0.071850653	0.282818849	0.192985789	-2.15196098	0.292240711
2022-10-02	0.041822789	0.031849652	0.049707677	0.059008609	0.052604604	0.041952713	0.062401182	0.028694783	0.06997118	0.068971813	0.290148901	0.202866096	-2.166939191	0.290394028
2022-10-09	0.040675369	0.032210545	0.050617036	0.054482835	0.053956134	0.041667647	0.047364292	0.03030589	0.069526309	0.069620245	0.298544227	0.211029471	-2.101415281	0.291774284
2022-10-16	0.041884859	0.032356064	0.052042196	0.05610795	0.052275218	0.039526493	0.046836695	0.030912854	0.068500515	0.068832233	0.293489154	0.217235769	-2.426468103	0.291751426
2022-10-23	0.044016486	0.032812323	0.053584013	0.057177362	0.052785006	0.041299514	0.049723192	0.032033364	0.070892565	0.070667277	0.304925382	0.190083515	-2.483352462	0.285378139
2022-10-30	0.045410442	0.033476235	0.052767158	0.061212063	0.055232873	0.045027256	0.054125289	0.031124584	0.07010079	0.068232886	0.30407667	0.179213754	-2.174211477	0.297160415
2022-11-06	0.04324679	0.034424768	0.052146951	0.062938281	0.047795077	0.041928801	0.050628901	0.031735629	0.071336967	0.068798689	0.313537469	0.181481676	-2.180780778	0.286256337
2022-11-13	0.042766695	0.036270049	0.057162521	0.065778878	0.050097539	0.042155757	0.067512745	0.032424963	0.076009557	0.070093411	0.268471687	0.191256197	-1.584792271	0.340736653
2022-11-20	0.04321181	0.036210649	0.057151376	0.066740884	0.050047958	0.04208955	0.067108426	0.032658803	0.075395095	0.069404814	0.268999211	0.190981423	-1.614530198	0.338044012
2022-11-27	0.044362235	0.036581029	0.058179605	0.06495575	0.051606504	0.043028382	0.072247635	0.032753897	0.074945439	0.069486029	0.266020256	0.185833238	-1.438891729	0.342796205
2022-12-04	0.046639861	0.037592596	0.060034318	0.06768301	0.048326862	0.042540812	0.075951131	0.034174568	0.075592876	0.068792046	0.252451898	0.190220022	-1.253539668	0.34725076
2022-12-11	0.047073689	0.037542235	0.060975129	0.068846478	0.048560877	0.043157015	0.071667158	0.034756291	0.076553524	0.069626402	0.247127196	0.194114007	-1.492618031	0.34494427
2022-12-18	0.047464441	0.037378298	0.058956109	0.069878623	0.048454541	0.04293871	0.072284106	0.034715694	0.076964181	0.070053066	0.245750101	0.19516213	-1.500161136	0.340749086
2022-12-25	0.047340204	0.038407152	0.060170407	0.067607195	0.048771877	0.043689549	0.074863332	0.035128996	0.077790632	0.070635271	0.241050561	0.194544823	-1.626203097	0.340665726
2023-01-01	0.045190181	0.039282205	0.060033526	0.068113106	0.048779079	0.044002066	0.077277934	0.035052289	0.077484595	0.071147407	0.239966668	0.193670947	-1.727145399	0.339387304
2023-01-08	0.045609021	0.041337265	0.05499615	0.073156995	0.046604395	0.043609263	0.07884839	0.036370741	0.076976584	0.075428046	0.233427999	0.193635153	-1.540404931	0.345799221
2023-01-15	0.044418435	0.043726402	0.057684332	0.077244161	0.0466407	0.042563983	0.073623354	0.036240221	0.0770994	0.075595667	0.244435001	0.180728344	-1.28434838	0.367208311
2023-01-22	0.044719425	0.043708019	0.057706095	0.07610718	0.046076272	0.042926291	0.074602145	0.036871449	0.07786631	0.07535751	0.243851411	0.180207891	-1.171643657	0.369827227
2023-01-29	0.042354257	0.041896962	0.057751004	0.071686568	0.046496969	0.042640315	0.077220243	0.035819483	0.078691153	0.075578527	0.247421527	0.182442991	-0.973602789	0.367207194
2023-02-05	0.04314445	0.042676121	0.057192527	0.073123017	0.046988806	0.043346794	0.074413546	0.036227001	0.079165727	0.076508919	0.245679199	0.181533893	-1.129335357	0.368871537
2023-02-12	0.044572787	0.044179339	0.05874673	0.075788457	0.047592494	0.043434888	0.077037142	0.03678856	0.077210764	0.073687627	0.237850255	0.183110957	-1.186703127	0.371068392
2023-02-19	0.044915469	0.044973869	0.058896368	0.076855471	0.047159869	0.043878993	0.079626786	0.037173224	0.07755866	0.073989804	0.238657098	0.176314389	-1.251782198	0.37224751
2023-02-26	0.045199371	0.044369876	0.058263841	0.078191255	0.047233982	0.042347213	0.084469	0.035891488	0.078497033	0.07465695	0.232412171	0.178467819	-1.271253257	0.373527532
2023-03-05	0.047527909	0.044854805	0.056458798	0.078009872	0.047705513	0.043275893	0.059393877	0.037931739	0.080681816	0.07404874	0.24480525	0.185305789	-1.206188533	0.403854135
2023-03-12	0.048116751	0.041600854	0.053104044	0.081657456	0.046280261	0.042065377	0.060354915	0.033718514	0.083009273	0.07672098	0.247634637	0.185736939	-1.086356886	0.382255513
2023-03-19	0.051242142	0.044635247	0.052554728	0.079316096	0.049318287	0.045084869	0.057945136	0.036375503	0.087685402	0.082333207	0.22295391	0.190555474	-1.281736305	0.380187264
2023-03-26	0.052833783	0.046552413	0.053559755	0.080716463	0.049719562	0.045381421	0.057730593	0.038284489	0.090721739	0.083379995	0.215776544	0.185343243	-1.204883908	0.396966731
2023-04-02	0.05171764	0.043660554	0.049715656	0.077801314	0.05026949	0.045539304	0.054579314	0.035480211	0.086452646	0.085616725	0.225729078	0.193438067	-1.008417536	0.393050594
2023-04-09	0.051890184	0.044244574	0.04943694	0.079075504	0.051228103	0.046321385	0.053866339	0.036045287	0.087934303	0.086012421	0.220598994	0.193345967	-0.85219373	0.390341435
2023-04-16	0.049437223	0.044267043	0.049210397	0.076122753	0.052373844	0.046161385	0.052807048	0.037099875	0.087906256	0.087615983	0.222765257	0.194232937	-0.772594396	0.388068363
2023-04-23	0.048997062	0.044740309	0.049570065	0.075470136	0.053089004	0.04558768	0.052117579	0.037135854	0.088316832	0.086757838	0.226038961	0.192178681	-0.703867264	0.385771402
2023-04-30	0.049322064	0.04510388	0.050092784	0.075442888	0.053888491	0.046309629	0.052655019	0.036741247	0.088494048	0.08533265	0.223268179	0.19334912	-0.644986989	0.387950235
2023-05-07	0.049844726	0.045098689	0.051037345	0.07342129	0.056001642	0.046996582	0.050460391	0.036956182	0.08877988	0.085436036	0.222430877	0.19353636	-0.470881934	0.385683591
2023-05-14	0.050086815	0.045382541	0.051207304	0.073452336	0.055936147	0.047256993	0.051189981	0.03685193	0.087485504	0.086203566	0.223008694	0.191938189	-0.459799899	0.393051658
2023-05-21	0.049260729	0.044745883	0.051790701	0.071332283	0.057603857	0.048259559	0.053051955	0.037568883	0.090196555	0.086944981	0.216509489	0.192735124	-0.534534756	0.390565498
2023-05-28	0.050143598	0.045470102	0.052329218	0.071295768	0.056034321	0.049709627	0.056730335	0.039042547	0.091545535	0.089652479	0.212838374	0.185208095	-0.872678504	0.394346089
2023-06-04	0.050116909	0.045230882	0.053901362	0.070623729	0.058581102	0.050653487	0.059397654	0.038044895	0.090334239	0.088496124	0.213437023	0.181182594	-0.758419665	0.401261124
2023-06-11	0.049095164	0.046520459	0.055155388	0.067802849	0.054679193	0.049498241	0.0594067	0.038341629	0.089290062	0.089960047	0.219919506	0.180330762	-0.531013031	0.401420433
2023-06-18	0.052869379	0.044432166	0.055375975	0.066645184	0.047287534	0.046908101	0.057689689	0.037663943	0.088882043	0.086693995	0.217894033	0.197657958	0.148934509	0.367139707
2023-06-25	0.048951819	0.044951919	0.052152714	0.067066912	0.042112902	0.042421293	0.055597562	0.033495781	0.088774208	0.090156649	0.230462308	0.203855933	-0.208255918	0.368612136
2023-07-02	0.050229029	0.043530694	0.051398977	0.068243363	0.043370115	0.043441335	0.057595301	0.031481426	0.089372313	0.090688338	0.224954953	0.205694156	-0.06094454	0.377248487
2023-07-09	0.050731333	0.044649665	0.048103534	0.067632178	0.045032826	0.044532068	0.058741491	0.032738329	0.091511664	0.090308492	0.216221403	0.209797017	-0.232301675	0.385738353
2023-07-16	0.048142917	0.0469497	0.049559484	0.078432786	0.044255452	0.041219694	0.06170944	0.034753325	0.086499175	0.081305594	0.203112585	0.224059847	0.196178009	0.39755804
2023-07-23	0.04883627	0.047566272	0.049789744	0.080495176	0.043811761	0.0415056	0.060785302	0.035206651	0.085852054	0.082245697	0.211353108	0.212552366	-0.029812253	0.394924855
2023-07-30	0.049879725	0.047243759	0.049634035	0.075689038	0.037104164	0.039136634	0.06051821	0.035889557	0.08767243	0.083298057	0.217200431	0.216733959	-0.166177174	0.388423092
2023-08-06	0.05001716	0.045233987	0.047336147	0.074855079	0.037703422	0.037656248	0.06144316	0.035108573	0.088422239	0.082987815	0.222962375	0.216273796	-0.219529107	0.39001185
2023-08-13	0.051167865	0.045826787	0.047628809	0.07482327	0.036698986	0.037462904	0.064131182	0.03620774	0.091862719	0.085224525	0.224039332	0.20492588	-0.409376723	0.392815953
2023-08-20	0.046900419	0.045581411	0.046864569	0.068574448	0.034648916	0.035897574	0.066411395	0.035723861	0.092064005	0.080792014	0.236738741	0.209802648	-0.544508829	0.395842644
2023-08-27	0.04633676	0.045432489	0.046455751	0.067073778	0.034475435	0.035580399	0.064630088	0.035336316	0.090768569	0.079729279	0.238918395	0.215262742	-0.387224876	0.395570961
2023-09-03	0.047482906	0.045521733	0.048227906	0.063132752	0.035003394	0.037236319	0.067666874	0.036753382	0.089357006	0.083566506	0.239049779	0.207001444	0.146294529	0.39302977
2023-09-10	0.046845764	0.044790324	0.047826959	0.063330767	0.035308433	0.03708947	0.067078817	0.036947563	0.092130324	0.083951978	0.234681493	0.210018108	-0.015635539	0.398163827
2023-09-17	0.043060218	0.046850831	0.047048168	0.059498437	0.036385314	0.036654927	0.065538291	0.037819758	0.091847637	0.083987081	0.242320314	0.208989025	0.3779547	0.382821414
2023-09-24	0.036117351	0.042465517	0.045183241	0.053057432	0.035579524	0.033733413	0.065786655	0.031215081	0.092797894	0.08314509	0.254738231	0.226180571	0.710110799	0.337757474
2023-10-01	0.036363884	0.042908	0.043969089	0.052730428	0.035600247	0.033676595	0.063751456	0.031351348	0.095354822	0.083767481	0.260045891	0.220480759	0.907520138	0.33646227
2023-10-08	0.03762541	0.048444635	0.047107474	0.053600844	0.039296706	0.036776684	0.055409381	0.031780212	0.09185177	0.078020786	0.27775704	0.202329058	0.361743129	0.354879387
2023-10-15	0.036908699	0.049878914	0.046933458	0.052420684	0.041477216	0.036979834	0.053793735	0.031728321	0.094478175	0.077544824	0.277725277	0.200130862	0.804932078	0.353520899
2023-10-22	0.034692269	0.045305752	0.042282664	0.051554236	0.038190324	0.036626477	0.057696716	0.029447322	0.095056175	0.079211029	0.279556042	0.210380995	0.557631792	0.376347919
2023-10-29	0.033492141	0.044245561	0.043647856	0.052289124	0.033551184	0.03488135	0.059710495	0.029736172	0.09349124	0.078087551	0.288004469	0.208862857	0.246884476	0.369296342
2023-11-05	0.037427212	0.037968705	0.046558768	0.055479617	0.038064203	0.036786702	0.074661809	0.026699412	0.07726311	0.071476522	0.264625681	0.232988261	0.401977918	0.390326469
2023-11-12	0.038571218	0.038688237	0.047005132	0.058494042	0.038448961	0.036674272	0.063201454	0.026884042	0.07750482	0.072993079	0.271161961	0.230372781	-0.032351579	0.34757795
2023-11-19	0.039342713	0.0401071	0.046859421	0.058836337	0.041874497	0.036564786	0.068065669	0.026862664	0.078401898	0.070894402	0.259866265	0.232324248	0.211116973	0.365337051
2023-11-26	0.038552587	0.039958172	0.046505933	0.059756042	0.040838062	0.036556253	0.06565348	0.026697709	0.077042639	0.069265417	0.265695138	0.233478567	0.172222744	0.364019608
2023-12-03	0.041244348	0.043127593	0.049020072	0.059075005	0.043612591	0.039690837	0.071908377	0.027055295	0.080323794	0.072517261	0.231736312	0.240688514	0.13051991	0.371485846
2023-12-10	0.042252853	0.043920423	0.049792855	0.057545302	0.038868923	0.040317426	0.071816203	0.027467178	0.081182583	0.073001271	0.239916798	0.233918184	0.184650612	0.373743526
2023-12-17	0.045520257	0.045312151	0.054346242	0.065055824	0.043259971	0.041424525	0.076020977	0.027729225	0.07952977	0.070628883	0.218473391	0.232698783	0.452202872	0.396583798
2023-12-24	0.04547282	0.045634105	0.054194882	0.066680735	0.042527849	0.041985211	0.073190536	0.027721715	0.078210099	0.069896776	0.220256285	0.234228989	0.626262954	0.393760204
2023-12-31	0.044285353	0.046981078	0.055391597	0.06710433	0.038852475	0.03925286	0.074325604	0.028066927	0.079209129	0.07109264	0.226937594	0.228500414	0.833170165	0.392992907
2024-01-07	0.043034913	0.047566095	0.057155897	0.06784232	0.037860767	0.039225516	0.070064237	0.028754276	0.079862369	0.069464302	0.231608022	0.227561286	0.527803047	0.399956208
2024-01-14	0.043619204	0.046169808	0.056366965	0.056503434	0.038600361	0.039478786	0.07749861	0.028889322	0.077993502	0.068464338	0.216365336	0.250050335	0.22405188	0.367740024
2024-01-21	0.043044601	0.04743343	0.055579919	0.058716661	0.036094002	0.038297571	0.080421686	0.028673397	0.078594974	0.069504326	0.210849482	0.252789951	0.045201427	0.371192069
2024-01-28	0.043892323	0.047939382	0.051085501	0.061898854	0.035699159	0.038522595	0.071600664	0.029418818	0.078813727	0.070518821	0.216386712	0.254223446	0.082178188	0.37424185
2024-02-04	0.039725122	0.04788898	0.051793106	0.061779165	0.034611284	0.039595995	0.069156601	0.030101752	0.079815188	0.071348335	0.225193752	0.248990719	0.149712837	0.374068057
2024-02-11	0.039841032	0.047498352	0.052171844	0.061791939	0.033407795	0.040037297	0.061617496	0.030672937	0.080488648	0.07198398	0.229263899	0.251224781	0.347517583	0.36960777
2024-02-18	0.039302146	0.047328041	0.049081033	0.057957745	0.032911579	0.038467168	0.063208916	0.03087863	0.080136434	0.071478734	0.229355343	0.25989423	0.531116864	0.358526173
2024-02-25	0.039382697	0.04671834	0.048449049	0.057518058	0.032296061	0.038411045	0.06362456	0.031373437	0.079228146	0.070848678	0.24046479	0.251685142	0.775716046	0.356652422
2024-03-03	0.040621339	0.047371548	0.049647522	0.057128474	0.033016811	0.039642792	0.062628447	0.03187959	0.080946371	0.071628968	0.240279011	0.245209126	0.802187563	0.368880305
2024-03-10	0.042764387	0.051056955	0.051797745	0.059608	0.035758309	0.041763654	0.068205278	0.033571802	0.084009508	0.072686576	0.231189981	0.227587805	1.050557885	0.401117172
2024-03-17	0.045758134	0.054333613	0.054993372	0.06016154	0.03779419	0.044917501	0.071716151	0.034419105	0.090546611	0.077214378	0.193563852	0.234581554	1.057560518	0.433196957
2024-03-24	0.043592274	0.052244731	0.055665803	0.048412503	0.039408157	0.046645793	0.074669715	0.035369544	0.094416682	0.077381853	0.191884752	0.240308192	1.004939005	0.432884708
2024-03-31	0.045215593	0.054071412	0.056627066	0.050265223	0.040623546	0.048052644	0.078911914	0.035640417	0.097841021	0.079965658	0.187517483	0.225268023	0.818441734	0.450661589
2024-04-07	0.045344054	0.05391544	0.055665022	0.047878479	0.041376086	0.048786169	0.078381469	0.034297038	0.100224343	0.081671189	0.184085938	0.228374772	0.678068462	0.453473056
2024-04-14	0.045791013	0.053593058	0.057401565	0.049376982	0.042424803	0.050797058	0.079941821	0.033497811	0.099199768	0.080781419	0.175592729	0.231601973	0.465975285	0.460228252
2024-04-21	0.042742331	0.048633553	0.057373447	0.041830969	0.044908902	0.042960934	0.081342496	0.032012622	0.103234059	0.083595046	0.182599672	0.238765969	0.26320881	0.4635022
2024-04-28	0.04122254	0.045642774	0.054764949	0.041139251	0.039015739	0.038271287	0.081822732	0.032618905	0.104509185	0.086767512	0.18636924	0.247855885	0.432066325	0.460101708
2024-05-05	0.043029597	0.047776197	0.057212041	0.042283227	0.039267339	0.038752862	0.08234146	0.033601323	0.10102377	0.086327395	0.177757675	0.250627115	0.566947196	0.459457426
2024-05-12	0.04250695	0.04672854	0.05144162	0.04331042	0.039142191	0.039069628	0.084164313	0.033525025	0.104103111	0.087316715	0.18412078	0.244570707	0.777636744	0.457785059
2024-05-19	0.043872787	0.046905411	0.053450223	0.044257012	0.039221917	0.038054435	0.084194607	0.032968206	0.104169115	0.086656199	0.18545796	0.240792127	0.967518569	0.471443263
2024-05-26	0.042212383	0.046690745	0.053630507	0.044755244	0.036763229	0.037292299	0.081699858	0.030340539	0.105606051	0.086088186	0.187804171	0.247116788	1.013957295	0.474029992
2024-06-02	0.041036011	0.046745315	0.052619452	0.045186383	0.036165864	0.034542219	0.078842513	0.030447879	0.108490628	0.087228056	0.192882306	0.245813372	0.78920444	0.47115125
2024-06-09	0.039364555	0.047674307	0.05299071	0.047539413	0.037583608	0.034395661	0.081953022	0.032070274	0.114159027	0.092169666	0.203184898	0.216914858	0.869481333	0.473660643
2024-06-16	0.039347724	0.048280862	0.052791936	0.050577654	0.039512745	0.035818535	0.085157529	0.033400184	0.123117941	0.097536592	0.179131713	0.215326584	0.751268216	0.471198143
2024-06-23	0.039191221	0.047820119	0.05320522	0.050959983	0.040880511	0.035653292	0.088332364	0.034143739	0.12412001	0.096101197	0.178357557	0.211234787	1.090584028	0.463590405
2024-06-30	0.039147696	0.047830479	0.052734434	0.04836456	0.040318353	0.035691157	0.087480133	0.033683723	0.128031502	0.097863332	0.177647027	0.211207603	1.038841698	0.468901453
2024-07-07	0.038473611	0.046914377	0.054482316	0.047580228	0.042752237	0.035919304	0.084802288	0.035399458	0.128108633	0.098047415	0.177259124	0.210261009	1.339796346	0.473003465
2024-07-14	0.041509473	0.048630474	0.055528907	0.045901658	0.044507862	0.036730023	0.093459713	0.032232269	0.116800731	0.092169123	0.178150816	0.214378951	1.044574953	0.45091319
2024-07-21	0.040353488	0.046828425	0.049964981	0.046049296	0.043175417	0.034418636	0.085904247	0.033745225	0.121100971	0.094271055	0.18313794	0.221050317	0.841057124	0.457306976
2024-07-28	0.039245321	0.047800613	0.051557502	0.038238378	0.041019838	0.034345863	0.087432775	0.034273983	0.125038444	0.096980669	0.185066962	0.218999652	0.608428934	0.460569347
2024-08-04	0.040672408	0.049140189	0.050552458	0.03475733	0.044133006	0.036787821	0.087383703	0.035265852	0.134630266	0.098290647	0.162262785	0.226123536	0.682326431	0.43319133
2024-08-11	0.038056606	0.049634705	0.051250174	0.034683362	0.04458765	0.036989171	0.086382802	0.035860517	0.13672458	0.099828596	0.159840178	0.226161659	0.71396962	0.433789659
2024-08-18	0.035357528	0.042823441	0.049093125	0.029934521	0.048197885	0.035673896	0.092536914	0.038524765	0.130188961	0.098846351	0.165122626	0.233699987	1.210598347	0.415823567
2024-08-25	0.036396818	0.043147696	0.049560151	0.031107284	0.049775987	0.036781784	0.095138938	0.036387034	0.119341344	0.094840035	0.165053734	0.242469195	1.272147979	0.409701798
2024-09-01	0.0357128	0.042928977	0.048219332	0.031419776	0.050720584	0.035928128	0.098222673	0.035920242	0.120171538	0.093278821	0.163076483	0.244400646	1.014061073	0.395907587
2024-09-08	0.031746425	0.0373669	0.042312819	0.030330467	0.050435772	0.035879835	0.079696187	0.038052608	0.127132227	0.097865469	0.174025071	0.25515622	0.965432807	0.386352552
2024-09-15	0.032552773	0.033989534	0.042171394	0.032206141	0.052823704	0.037038872	0.079510118	0.035483864	0.132378016	0.098660812	0.175787399	0.247397374	1.020456441	0.39061358
2024-09-22	0.033606419	0.034583513	0.04435945	0.031963313	0.047955529	0.036107515	0.077062668	0.038149942	0.121339915	0.095526559	0.180747322	0.258597855	1.430564262	0.375935754
2024-09-29	0.033397059	0.036171927	0.04119306	0.030885546	0.027943507	0.028554256	0.080680624	0.040544478	0.125214344	0.099262311	0.184942991	0.271209898	1.871250602	0.360000246
2024-10-06	0.030822992	0.032674421	0.038572358	0.03044152	0.025477819	0.026783686	0.083763699	0.038149199	0.126006552	0.099782438	0.168778911	0.298746403	2.370763824	0.323225722
2024-10-13	0.031223728	0.031776016	0.038806041	0.030827181	0.022868476	0.026233359	0.088291832	0.039013778	0.127142974	0.099789857	0.169203345	0.294823412	2.165403331	0.318072944
2024-10-20	0.031476165	0.032263415	0.04037654	0.031181165	0.024005711	0.026147493	0.07158564	0.038534457	0.13020364	0.099466905	0.168999593	0.305759274	2.635103261	0.301815189
2024-10-27	0.031987862	0.032036682	0.040368517	0.030535906	0.023626855	0.025968395	0.073392276	0.038658497	0.133208773	0.099137278	0.164769389	0.306309568	2.576482285	0.309989103
2024-11-03	0.032053423	0.032228988	0.041146758	0.032916563	0.023881812	0.026740215	0.065309795	0.035970046	0.127135661	0.098993657	0.163752659	0.319870423	1.927445364	0.299562843
2024-11-10	0.033015725	0.028387726	0.04465914	0.032018036	0.02403192	0.027656208	0.069274891	0.036588733	0.129045969	0.099856927	0.176523881	0.298940845	2.094170625	0.309623969
2024-11-17	0.026242297	0.028168524	0.04779429	0.033656495	0.022088645	0.024606708	0.064663563	0.037291154	0.12016826	0.092046742	0.181677032	0.321596291	1.429720652	0.305150775
2024-11-24	0.025649606	0.028792854	0.049001016	0.035472519	0.023315141	0.02573787	0.0608958	0.037310169	0.128463062	0.097512466	0.191251741	0.296597755	1.504116955	0.309877078
2024-12-01	0.029026628	0.031921365	0.056211454	0.039670201	0.025025818	0.029103064	0.068136599	0.041030519	0.135732049	0.099804331	0.195601467	0.248736504	1.401736283	0.305284933
2024-12-08	0.029846306	0.032464624	0.053645713	0.040244124	0.02523516	0.028672173	0.070737353	0.041614159	0.135435398	0.098659957	0.202416481	0.241028552	1.52090254	0.307960469
2024-12-15	0.028752476	0.032260362	0.052222606	0.038460914	0.023827104	0.028407094	0.071830524	0.041364767	0.133790671	0.096569253	0.201846205	0.250668025	1.167205124	0.281730584
2024-12-22	0.030060027	0.035052324	0.050092304	0.041901869	0.026432691	0.029354814	0.077084686	0.037706363	0.135783828	0.096605603	0.229010963	0.210914528	0.64776559	0.309664936
2024-12-29	0.030204066	0.034832359	0.049529868	0.039552417	0.026421593	0.029080033	0.0748578	0.037809474	0.13553104	0.097291648	0.230691941	0.214197761	0.595855399	0.30597116
2025-01-05	0.030446509	0.035847913	0.050028552	0.038692408	0.027194939	0.029461715	0.071498055	0.037989499	0.138071615	0.098272927	0.23220672	0.210289149	0.886027314	0.294296554
2025-01-12	0.030013664	0.035411441	0.050869686	0.038335427	0.026182041	0.029203903	0.071814093	0.035287415	0.138067028	0.098409353	0.233358108	0.213047841	0.666587154	0.294682174
2025-01-19	0.031893011	0.032393892	0.049029992	0.040197281	0.02718464	0.030260024	0.07218693	0.032312979	0.131841306	0.098478675	0.230051513	0.224169757	1.076067297	0.28827495
2025-01-26	0.031950709	0.03168302	0.048597927	0.038240333	0.026826092	0.029697683	0.075752931	0.031971474	0.125232825	0.093969951	0.237811079	0.228265975	1.023257943	0.280763893
2025-02-02	0.030145802	0.031918842	0.047719494	0.038316273	0.026602504	0.030009431	0.074116039	0.032608195	0.127031664	0.095490519	0.238061994	0.227979243	1.058455042	0.284063554
2025-02-09	0.030682367	0.032423948	0.048480717	0.038605915	0.026085066	0.029873571	0.074283319	0.032886315	0.129162871	0.095696916	0.239811934	0.22200706	1.076537054	0.28902905
2025-02-16	0.029560259	0.032455593	0.046801812	0.039310945	0.024895189	0.029775015	0.074958376	0.033930469	0.123012459	0.094200944	0.243111352	0.227987585	1.232405593	0.292099935
2025-02-23	0.028980198	0.032422092	0.047268337	0.039952903	0.024614764	0.029175286	0.07424481	0.034161759	0.125136173	0.095199603	0.241055691	0.227788384	1.218753769	0.291365435
2025-03-02	0.026575012	0.033898478	0.049282604	0.041678004	0.024902549	0.02699308	0.075566716	0.035663378	0.130293663	0.098737283	0.230912634	0.225496598	1.111103568	0.278999963
2025-03-09	0.027061722	0.031507813	0.049437923	0.042055373	0.023944536	0.026270272	0.074811891	0.03561758	0.127262967	0.096973401	0.234100507	0.230956016	0.984665773	0.269315465
2025-03-16	0.027916214	0.030296324	0.048149122	0.043360632	0.023734536	0.026474243	0.072556926	0.034753451	0.122903847	0.096475483	0.240932046	0.232447175	1.004464186	0.267883387
2025-03-23	0.026823549	0.03090555	0.04832701	0.040635654	0.024527553	0.026351285	0.071361502	0.03460981	0.121919617	0.098104201	0.241644335	0.234789936	0.980833796	0.265672996
2025-03-30	0.025316965	0.030482923	0.046931644	0.039829706	0.025687171	0.026427532	0.072706873	0.034961605	0.120734727	0.098582727	0.24929837	0.229039757	0.862706152	0.267859997
2025-04-06	0.027521253	0.019037251	0.022366096	0.02593952	0.030402661	0.028769143	0.04993619	0.028826925	0.098235655	0.10957501	0.280343281	0.279047014	0.657431705	0.223984307
2025-04-13	0.029436657	0.02216416	0.02332985	0.026846847	0.026934822	0.027484258	0.054555158	0.031803258	0.106494665	0.103231367	0.240585644	0.307133314	0.544212191	0.223996696
2025-04-20	0.031523117	0.026640235	0.023444855	0.027751807	0.029983955	0.029359159	0.053980909	0.030508431	0.09678982	0.091071737	0.236389853	0.322556121	0.998831803	0.221813061
2025-04-27	0.031472932	0.025844729	0.023724135	0.028127527	0.031013806	0.028899285	0.057848144	0.032809013	0.091522126	0.086429593	0.242078942	0.320229767	1.041114156	0.229413936
2025-05-04	0.032098062	0.025463838	0.023043432	0.02817404	0.032179344	0.027578508	0.052843679	0.030634664	0.091609161	0.086826113	0.247156328	0.32239283	1.011834403	0.221592604
2025-05-11	0.032199438	0.025936239	0.023166173	0.028107959	0.033532628	0.027702609	0.052726079	0.031080861	0.091770693	0.087804803	0.244615523	0.321356994	0.913946432	0.219413292
2025-05-18	0.030583146	0.024211172	0.022480861	0.02831158	0.034063029	0.026267264	0.054308472	0.031235451	0.088377999	0.086030257	0.246851887	0.327278881	0.869822252	0.207177506
2025-05-25	0.0300113	0.023479936	0.022677758	0.02827437	0.035676698	0.02627881	0.055065696	0.030558472	0.088129246	0.085940265	0.250900539	0.323006911	0.997041049	0.202107599
2025-06-01	0.02814977	0.023372868	0.023286666	0.027418572	0.037205131	0.02671382	0.055804282	0.029065658	0.085961988	0.084592029	0.245395443	0.333033774	1.257863912	0.198413849
2025-06-08	0.026846368	0.024010132	0.024332297	0.027802463	0.038821697	0.026866081	0.052187638	0.029632219	0.087083713	0.084642402	0.245349498	0.332425492	1.185424424	0.187621326
2025-06-15	0.026278013	0.025193104	0.024606612	0.028402707	0.04084311	0.027531256	0.046799683	0.030590845	0.086156353	0.081341195	0.243195581	0.339061541	1.239256002	0.188622891
2025-06-22	0.024485331	0.025331938	0.024990119	0.028076865	0.042584411	0.027505228	0.045998969	0.03052697	0.086608663	0.081527754	0.24018321	0.342180543	1.287422981	0.18757923
2025-06-29	0.025170726	0.025007964	0.026006699	0.027647979	0.042418539	0.026605235	0.044391981	0.031913876	0.082232084	0.077010414	0.238907887	0.352686617	1.438683151	0.184482495
2025-07-06	0.025189329	0.024665986	0.026189717	0.027531483	0.043636246	0.026286563	0.044735564	0.030386793	0.079283159	0.073676085	0.239177003	0.359242072	1.330657626	0.173068149
2025-07-13	0.023565411	0.024665298	0.026465071	0.027149634	0.046163882	0.026283622	0.043575353	0.030292316	0.079575112	0.073032674	0.241728292	0.357503334	1.224088696	0.167119285
2025-07-20	0.023791473	0.025037661	0.027046505	0.026833418	0.043494822	0.026054309	0.04531166	0.029353776	0.079289596	0.073434999	0.247926084	0.352425698	1.475358362	0.164216731
2025-07-27	0.024403239	0.025221519	0.026804682	0.02543166	0.041545735	0.026304951	0.046939926	0.029142518	0.077554114	0.071350803	0.251951713	0.353349139	1.718878753	0.165484307
2025-08-03	0.024204455	0.025362202	0.025954241	0.025341456	0.041634185	0.025870049	0.049089639	0.027517394	0.080503293	0.073724601	0.236463911	0.364334574	1.497625409	0.177849676
2025-08-10	0.023980711	0.025555896	0.025684158	0.02532677	0.043080744	0.025541105	0.050286972	0.028303513	0.079957796	0.0727724	0.251742121	0.347767816	1.745814093	0.1773655
2025-08-17	0.024466293	0.025745432	0.025137321	0.025178452	0.040528812	0.025146773	0.048867109	0.027456372	0.078545251	0.071284539	0.247255046	0.3603886	1.613928036	0.167807912
2025-08-24	0.024657336	0.026241927	0.025110736	0.025290322	0.039882484	0.025594766	0.048533574	0.027174865	0.079677043	0.072879836	0.249606661	0.355350449	1.594284296	0.170878045
2025-08-31	0.011215329	0.020823491	0.037839893	0.022384403	0.035846795	0.023212411	0.041767491	0.032039121	0.050818806	0.044271342	0.168415228	0.511365689	1.252988785	0.15038546
2025-09-07	0.011576082	0.02144527	0.039108557	0.022895716	0.036722752	0.023526447	0.043052571	0.032314221	0.051871009	0.044683785	0.161042821	0.511760768	1.412914136	0.163306395
2025-09-14	0.021291696	0.028192551	0.025768163	0.02506637	0.036080329	0.023528991	0.052800074	0.028285772	0.081393739	0.073375537	0.247119251	0.357097526	1.974193523	0.182117681
2025-09-21	0.021364841	0.028297302	0.025427487	0.025285928	0.038560536	0.023664639	0.053749021	0.027729719	0.08148562	0.074451213	0.246859682	0.353124011	1.903156691	0.185865357
2025-09-28	0.022924822	0.029795033	0.027603789	0.027701115	0.030901284	0.025225948	0.055710794	0.029391948	0.08503015	0.078841898	0.262037439	0.32483578	1.312290748	0.194484278
2025-10-05	0.0208581	0.030136503	0.02670412	0.028340756	0.024797156	0.023685136	0.054238416	0.029374542	0.085883767	0.079164394	0.259307377	0.337509733	1.383825955	0.199104869
2025-10-12	0.021113714	0.028813203	0.02611647	0.028460247	0.024867504	0.024110509	0.053423426	0.027528744	0.07836848	0.077566762	0.261753374	0.347877567	1.425927363	0.187699891
2025-10-19	0.020132072	0.028857348	0.026560675	0.029638598	0.025831532	0.025030607	0.057000432	0.025371373	0.078006841	0.077419124	0.266332952	0.339818448	1.640376565	0.18766322
