date	국내주식	미국주식	유럽주식	일본주식	중국주식	신흥국주식	원자재	글로벌리츠	하이일드채권	신흥국채권	선진국채권	국내채권	단기자금	VIX	기준금리	글로벌주식	선진국주식
2014-01-12	1938.54	1842.37	112.57	1298.48	1584.09	970.15	451.55	1131.764	313.16	474.28	1866.484	207.5902	170.2943	12.14	2.5	405.83	1655.11
2014-01-19	1944.48	1838.7	114.66	1297.39	1585.06	972.27	455.42	1134.673	313.827	474.646	1865.922	207.7756	170.3921	12.44	2.5	406.41	1657.32
2014-01-26	1940.56	1790.29	110.94	1264.6	1576.6	949.9	462.3	1122.037	313.354	473.966	1870.632	208.2814	170.4886	18.14	2.5	396.88	1618.36
2014-02-02	1941.15	1782.59	110.08	1220.64	1552.82	936.53	460.37	1133.36	312.043	469.506	1875.757	208.268	170.557	18.41	2.5	391.92	1598.46
2014-02-09	1922.5	1797.02	110.88	1189.14	1539.28	937.3	469.9941	1147.375	313.45	474.88	1879.523	208.7449	170.6814	15.29	2.5	394.88	1611.78
2014-02-16	1940.28	1838.63	113.67	1183.82	1588.26	957.31	474.0081	1172.639	315.492	477.059	1876.331	209.3482	170.7794	13.57	2.5	404.18	1650.12
2014-02-23	1957.83	1836.25	114.62	1222.31	1579.93	959.26	482.0202	1182.048	317.134	479.486	1876.58	209.2309	170.876	14.68	2.5	406.4	1659.85
2014-03-02	1979.99	1859.45	115.1	1211.66	1562.19	966.42	481.104	1190.452	319.636	484.723	1879.812	209.5816	170.9724	14.0	2.5	410.13	1675.4
2014-03-09	1974.68	1878.04	113.35	1236.97	1551.53	966.72	484.1146	1186.845	319.554	484.881	1871.909	209.3004	171.0684	14.11	2.5	411.41	1681.17
2014-03-16	1919.9	1841.13	109.65	1164.7	1485.27	937.69	478.1858	1177.37	318.875	484.054	1879.235	210.0491	171.1655	17.82	2.5	401.35	1641.13
2014-03-23	1934.94	1866.52	111.6	1145.97	1491.68	944.96	475.9867	1173.25	319.06	483.154	1866.623	209.7217	171.2624	15.0	2.5	404.36	1653.38
2014-03-30	1981.0	1857.62	113.66	1186.52	1522.74	984.91	483.1053	1183.093	320.183	487.321	1867.267	210.042	171.3593	14.41	2.5	407.95	1661.84
2014-04-06	1988.09	1865.09	115.43	1215.89	1543.23	1002.04	479.037	1196.971	321.216	489.06	1870.043	209.9327	171.4564	13.96	2.5	411.86	1676.25
2014-04-13	1997.44	1815.69	112.05	1134.09	1582.8	1015.44	485.125	1195.829	322.536	494.192	1879.963	210.3024	171.5534	17.03	2.5	404.14	1638.43
2014-04-20	2004.28	1864.85	113.4	1173.37	1555.52	1011.87	491.8442	1215.696	322.523	493.161	1869.723	210.392	171.6506	13.36	2.5	411.05	1670.6
2014-04-27	1971.66	1863.4	113.81	1169.99	1513.82	993.35	489.1766	1222.306	323.023	493.008	1872.622	210.5175	171.7479	14.06	2.5	410.28	1670.76
2014-05-04	1959.44	1881.14	115.3	1182.48	1507.65	1003.39	484.147	1237.964	324.134	496.048	1875.71	210.8158	171.8449	12.91	2.5	414.72	1688.99
2014-05-11	1956.55	1878.48	115.62	1165.51	1486.28	1006.95	482.2955	1260.769	324.72	498.245	1880.112	211.398	171.9419	12.92	2.5	413.64	1683.36
2014-05-18	2013.44	1877.86	116.05	1159.07	1522.85	1031.95	486.8574	1266.652	325.142	498.625	1885.416	211.7868	172.0395	12.44	2.5	414.8	1683.69
2014-05-25	2017.17	1900.53	116.75	1180.44	1544.05	1042.92	490.9965	1260.639	325.181	497.964	1887.469	211.9259	172.1377	11.36	2.5	418.41	1697.94
2014-06-01	1994.96	1923.57	117.48	1201.41	1541.73	1027.69	484.4538	1274.227	326.546	501.982	1889.359	212.3908	172.2351	11.4	2.5	421.53	1715.18
2014-06-08	1995.48	1949.44	118.42	1234.57	1539.71	1044.93	482.906	1289.604	327.811	504.546	1881.88	212.2927	172.3185	10.73	2.5	426.53	1734.47
2014-06-15	1990.85	1936.16	118.49	1243.97	1575.68	1049.14	496.1123	1264.036	328.15	502.32	1878.943	212.9731	172.4298	12.18	2.5	425.12	1727.21
2014-06-22	1968.07	1962.87	118.89	1268.92	1554.44	1043.86	502.4259	1277.094	329.508	503.265	1878.765	213.7617	172.5274	10.85	2.5	429.32	1747.43
2014-06-29	1988.51	1960.96	116.79	1253.15	1559.22	1046.18	498.3545	1287.01	329.771	506.321	1884.84	213.9586	172.6249	11.26	2.5	427.98	1740.86
2014-07-06	2009.66	1985.44	118.79	1285.24	1590.2	1062.4	490.7347	1279.853	329.818	504.841	1878.08	214.4911	172.724	10.32	2.5	433.65	1763.44
2014-07-13	1988.74	1967.57	115.14	1255.19	1573.05	1058.67	475.0648	1290.356	329.373	506.441	1883.918	215.0137	172.8219	12.08	2.5	427.48	1736.02
2014-07-20	2019.42	1978.22	116.13	1263.29	1590.21	1063.26	475.4231	1306.466	327.754	504.323	1881.844	215.7054	172.9215	12.06	2.5	429.5	1744.31
2014-07-27	2033.85	1978.34	116.86	1281.35	1654.8	1078.69	477.8744	1299.581	327.87	504.305	1881.17	215.7923	173.0193	12.69	2.5	431.05	1748.25
2014-08-03	2073.1	1925.15	113.48	1281.3	1676.62	1060.13	465.3125	1283.686	323.936	500.669	1883.901	215.2423	173.1167	17.03	2.5	420.91	1705.76
2014-08-10	2031.1	1931.59	111.17	1228.26	1674.55	1045.51	465.1648	1282.763	323.734	498.022	1887.676	215.8993	173.2153	15.77	2.5	416.94	1690.59
2014-08-17	2063.22	1955.06	112.68	1270.68	1711.13	1074.51	458.1742	1309.426	326.839	502.567	1892.518	215.7798	173.3228	13.15	2.25	423.41	1714.26
2014-08-24	2056.7	1988.4	115.05	1286.07	1713.36	1083.07	454.7919	1319.719	327.254	501.8	1885.157	215.4302	173.4326	11.47	2.25	428.55	1735.96
2014-08-31	2068.54	2003.37	116.89	1277.97	1693.88	1087.88	460.7871	1325.767	327.667	502.886	1889.287	216.2837	173.5237	11.98	2.25	431.55	1748.69
2014-09-07	2049.41	2007.71	118.75	1293.21	1754.79	1096.83	452.8156	1332.824	325.338	500.043	1886.288	216.2878	173.6165	12.09	2.25	432.37	1750.63
2014-09-14	2041.86	1985.54	117.63	1313.72	1721.31	1061.53	441.5958	1273.59	323.62	496.301	1878.603	216.9609	173.704	13.31	2.25	426.17	1729.5
2014-09-21	2053.82	2010.4	119.11	1331.91	1698.21	1053.92	439.5904	1263.162	323.573	494.544	1878.099	217.207	173.7931	12.11	2.25	428.2	1740.32
2014-09-28	2031.64	1982.85	116.98	1331.95	1672.91	1023.91	439.2234	1248.148	319.631	492.319	1881.057	218.0413	173.8821	14.85	2.25	419.75	1707.87
2014-10-05	1976.16	1967.9	114.47	1282.54	1654.47	997.27	426.6144	1242.979	319.408	487.902	1885.286	218.8402	173.9582	14.55	2.25	411.43	1675.29
2014-10-12	1940.92	1906.13	109.9	1243.09	1657.97	989.87	418.1616	1257.525	317.89	490.567	1898.58	218.9399	174.0639	21.24	2.25	400.45	1626.68
2014-10-19	1900.66	1886.76	108.86	1177.22	1641.67	976.76	407.5894	1269.808	318.422	492.02	1907.924	219.576	174.1742	21.99	2.0	396.99	1613.56
2014-10-26	1925.69	1964.58	111.7	1242.32	1643.59	984.38	405.2269	1307.555	320.848	491.718	1904.956	219.9704	174.2582	16.11	2.0	409.23	1667.88
2014-11-02	1964.43	2018.05	114.98	1333.64	1709.85	1016.07	407.1062	1330.827	320.955	492.241	1898.224	220.4953	174.3398	14.03	2.0	419.45	1708.09
2014-11-09	1939.87	2031.92	114.45	1363.67	1687.24	987.65	402.6949	1324.169	319.917	488.459	1900.097	220.6243	174.4235	13.12	2.0	417.95	1707.01
2014-11-16	1945.14	2039.82	114.53	1400.41	1729.37	990.81	391.8719	1326.213	319.325	488.2	1900.449	219.9468	174.504	13.31	2.0	420.32	1717.2
2014-11-23	1964.84	2063.5	117.86	1400.18	1699.56	1004.35	395.0518	1337.472	318.148	487.796	1901.503	220.3516	174.5849	12.9	2.0	425.31	1737.24
2014-11-30	1980.78	2067.56	118.44	1410.34	1796.1	1004.72	362.6423	1359.24	318.698	489.947	1908.958	221.3964	174.6664	13.33	2.0	425.82	1739.5
2014-12-07	1986.62	2075.37	119.63	1445.67	1884.14	985.68	357.6125	1349.814	314.981	483.132	1896.466	220.4524	174.7448	11.82	2.0	424.75	1738.52
2014-12-14	1921.71	2002.33	112.59	1399.65	1865.85	938.41	335.3418	1344.846	309.397	476.013	1907.1	220.7444	174.8242	21.08	2.0	408.74	1675.04
2014-12-21	1929.98	2070.65	115.97	1409.61	1909.34	944.6	330.1196	1359.768	310.639	475.042	1898.503	220.6122	174.904	16.49	2.0	418.2	1717.0
2014-12-28	1948.16	2088.77	117.31	1427.5	1930.86	952.53	321.4711	1374.494	311.5	475.843	1892.867	221.1338	174.9856	14.5	2.0	421.27	1729.42
2015-01-04	1926.44	2058.2	116.29	1407.51	1998.72	953.72	310.8325	1370.44	310.983	474.081	1902.662	221.2918	175.0691	17.79	2.0	415.92	1704.71
2015-01-11	1924.7	2044.81	115.07	1380.58	2017.29	961.37	295.0666	1412.341	309.699	469.754	1914.57	222.2436	175.156	17.55	2.0	411.69	1683.8
2015-01-18	1888.13	2019.42	120.08	1363.73	2034.36	957.46	291.0268	1440.282	307.062	465.118	1926.007	223.7512	175.2393	20.95	2.0	409.62	1675.15
2015-01-25	1936.09	2051.82	126.3	1403.22	2044.44	990.89	282.3258	1458.765	307.574	465.463	1923.363	223.8259	175.3208	16.66	2.0	418.25	1707.74
2015-02-01	1949.26	1994.99	125.07	1415.07	1976.02	961.61	289.7167	1434.573	308.453	464.824	1933.132	224.676	175.4024	20.97	2.0	410.33	1677.54
2015-02-08	1955.52	2055.47	127.27	1417.19	1947.99	978.57	304.201	1432.882	311.712	468.246	1914.141	224.6488	175.4853	17.29	2.0	420.5	1720.55
2015-02-15	1957.5	2096.99	128.45	1449.38	2002.64	986.65	311.9203	1431.805	313.212	470.268	1912.128	223.7997	175.567	14.69	2.0	427.79	1752.18
2015-02-22	1961.45	2110.3	130.17	1500.33	2020.14	984.42	304.7276	1421.715	314.187	470.255	1907.821	223.9217	175.6136	14.3	2.0	431.17	1768.09
2015-03-01	1985.8	2104.5	133.54	1523.85	2043.83	990.28	308.4432	1412.14	315.935	470.801	1915.458	224.2597	175.7301	13.34	2.0	432.47	1772.86
2015-03-08	2012.94	2071.26	134.14	1540.84	1994.51	971.23	300.8688	1371.179	313.618	465.206	1903.623	224.7381	175.8143	15.2	2.0	424.86	1741.99
2015-03-15	1985.79	2053.4	134.87	1560.33	2021.93	939.56	285.0572	1373.879	309.98	457.715	1912.096	225.0242	175.9271	16.0	1.75	418.58	1719.82
2015-03-22	2037.24	2108.1	137.56	1580.51	2137.31	969.53	288.5465	1440.686	311.28	463.161	1923.664	226.1572	176.005	13.02	1.75	431.91	1774.57
2015-03-29	2019.8	2061.02	134.7	1552.78	2154.76	958.11	291.8426	1412.44	312.792	467.34	1925.214	226.5422	176.0777	15.07	1.75	424.89	1744.82
2015-04-05	2045.42	2066.96	135.42	1564.16	2280.02	994.32	290.5764	1412.675	313.866	469.923	1930.532	227.2708	176.1508	14.67	1.75	427.72	1750.26
2015-04-12	2087.76	2102.06	140.44	1589.54	2448.97	1034.59	296.7586	1398.46	315.465	470.329	1927.503	227.4762	176.2272	12.58	1.75	435.93	1779.47
2015-04-19	2143.5	2081.18	137.42	1588.69	2558.78	1042.68	309.2856	1389.423	316.95	472.371	1935.71	227.3749	176.3004	13.89	1.75	434.01	1769.01
2015-04-26	2159.8	2117.69	138.94	1618.84	2612.45	1060.5	311.9441	1398.826	318.758	476.241	1934.676	226.1311	176.3742	12.29	1.75	441.57	1799.86
2015-05-03	2127.17	2108.29	134.25	1585.61	2616.24	1045.99	317.9667	1366.46	320.309	479.164	1924.255	225.1787	176.4354	12.7	1.75	438.18	1787.4
2015-05-10	2085.52	2116.1	135.99	1587.76	2517.11	1034.94	317.6161	1373.207	320.878	479.203	1925.842	225.3778	176.517	12.86	1.75	439.28	1794.7
2015-05-17	2106.5	2122.73	134.56	1607.11	2546.97	1043.4	321.1895	1390.041	322.855	482.723	1929.462	224.7279	176.5883	12.38	1.75	442.36	1807.06
2015-05-24	2146.1	2126.06	138.41	1647.85	2647.37	1037.62	314.8977	1367.549	320.819	477.34	1922.263	224.9811	176.6596	12.13	1.75	441.32	1803.5
2015-05-31	2114.8	2107.39	135.68	1673.65	2592.44	1004.22	312.8777	1348.431	320.476	475.567	1930.72	226.4488	176.7308	13.84	1.75	434.51	1779.31
2015-06-07	2068.1	2092.83	131.95	1667.06	2692.32	982.14	308.1462	1310.867	318.799	472.037	1913.763	225.635	176.8039	14.21	1.75	429.38	1760.43
2015-06-14	2052.17	2094.11	132.04	1651.48	2710.88	979.46	310.5618	1323.808	319.23	472.753	1915.081	225.8156	176.8981	13.78	1.5	431.38	1770.17
2015-06-21	2046.96	2109.99	130.79	1631.01	2460.53	974.56	306.041	1336.819	319.216	473.255	1926.326	225.929	176.9629	13.96	1.5	432.18	1774.88
2015-06-28	2090.26	2101.49	134.58	1667.03	2375.22	980.63	309.0117	1312.906	318.427	471.447	1917.116	225.5773	177.0238	14.02	1.5	432.75	1776.22
2015-07-05	2104.41	2076.78	129.9	1652.09	2178.64	964.31	307.6414	1307.456	317.549	470.842	1925.11	225.5644	177.0902	16.79	1.5	425.08	1744.49
2015-07-12	2031.17	2076.62	131.82	1583.55	2178.1	932.85	294.7813	1323.393	316.644	471.573	1923.743	225.8688	177.1583	16.83	1.5	423.37	1743.32
2015-07-19	2076.79	2126.64	137.46	1662.94	2214.08	941.68	287.1372	1344.585	316.292	469.361	1924.321	226.2043	177.2236	11.95	1.5	431.96	1780.83
2015-07-26	2045.96	2079.65	133.65	1655.86	2223.86	910.4	274.3034	1335.574	314.409	469.472	1927.235	227.265	177.2894	13.74	1.5	422.8	1745.5
2015-08-02	2030.16	2103.84	134.27	1659.52	2080.28	901.68	268.4456	1353.428	315.541	471.469	1932.691	226.7176	177.355	12.12	1.5	426.78	1765.6
2015-08-09	2010.23	2077.57	134.61	1679.19	2107.59	885.07	259.0553	1359.114	312.631	467.281	1929.349	226.8804	177.4208	13.39	1.5	422.03	1747.34
2015-08-16	1983.46	2091.54	130.7	1664.46	2120.15	863.83	258.0396	1374.411	312.226	469.221	1929.247	227.8561	177.4767	12.83	1.5	420.29	1743.89
2015-08-23	1876.07	1970.89	122.19	1573.01	1913.77	812.38	246.0857	1341.626	310.601	468.406	1940.433	228.2538	177.5519	28.03	1.5	397.64	1650.96
2015-08-30	1937.67	1988.87	122.8	1549.8	1811.37	820.25	258.4871	1305.467	310.536	467.438	1934.424	228.163	177.6151	26.05	1.5	399.56	1658.07
2015-09-06	1886.04	1921.22	119.19	1444.53	1763.32	788.59	257.937	1247.106	310.122	465.203	1938.56	228.6956	177.6814	27.8	1.5	384.49	1595.71
2015-09-13	1941.37	1961.05	120.04	1480.23	1800.31	802.49	255.4613	1269.396	311.795	467.042	1937.953	228.8269	177.7462	23.2	1.5	391.96	1626.99
2015-09-20	1995.95	1958.03	119.67	1462.38	1798.68	829.86	250.9626	1303.922	311.323	470.384	1943.088	229.2468	177.8112	22.28	1.5	394.04	1630.69
2015-09-27	1942.85	1931.34	117.72	1453.81	1758.69	789.15	254.0639	1302.717	305.344	460.449	1941.964	229.7175	177.8749	23.62	1.5	384.3	1594.7
2015-10-04	1969.68	1951.36	117.3	1444.92	1773.02	804.1	251.4208	1321.169	302.266	462.83	1955.63	230.2179	177.9404	20.94	1.5	387.71	1607.13
2015-10-11	2019.53	2014.89	122.74	1515.13	1856.52	859.32	264.9873	1359.921	309.785	470.527	1947.692	230.1662	177.9968	17.08	1.5	404.81	1673.77
2015-10-18	2030.26	2033.11	122.82	1505.84	1936.99	865.28	256.7689	1379.602	310.684	473.229	1952.525	230.4672	178.0719	15.05	1.5	407.21	1683.55
2015-10-25	2040.4	2075.15	127.54	1547.84	1951.37	868.56	248.3434	1396.807	310.686	469.48	1948.316	230.3489	178.1362	14.46	1.5	412.39	1706.61
2015-11-01	2029.47	2079.36	126.85	1558.2	1923.49	847.84	252.7623	1389.339	311.264	470.029	1941.658	230.3219	178.2007	15.07	1.5	411.25	1705.8
2015-11-08	2041.07	2099.2	128.3	1563.59	2003.2	852.47	245.1955	1353.699	309.659	466.329	1927.277	229.5496	178.2666	14.33	1.5	411.16	1704.39
2015-11-15	1973.29	2023.04	124.64	1585.83	1963.3	821.12	232.3548	1324.302	306.384	464.184	1932.62	228.8052	178.3311	20.08	1.5	398.78	1654.3
2015-11-22	1989.86	2089.17	128.85	1603.18	1985.54	843.48	231.1496	1379.286	306.093	466.258	1932.386	229.2469	178.3961	15.47	1.5	410.4	1702.83
2015-11-29	2028.99	2090.11	129.5	1594.45	1886.4	826.36	230.8592	1378.67	304.96	464.251	1934.734	229.0429	178.4547	15.12	1.5	409.05	1700.29
2015-12-06	1974.4	2091.69	124.86	1574.02	1913.45	812.27	226.7954	1369.842	305.437	464.468	1931.32	229.035	178.516	14.81	1.5	407.18	1694.78
2015-12-13	1948.62	2012.37	119.73	1549.51	1840.49	773.56	211.7033	1343.656	299.864	461.61	1941.486	229.7096	178.5827	24.39	1.5	392.95	1637.83
2015-12-20	1975.32	2005.55	121.54	1537.1	1895.05	789.71	207.2975	1362.684	296.717	458.646	1933.781	230.6582	178.6506	20.7	1.5	392.85	1633.75
2015-12-27	1990.65	2060.99	123.36	1516.19	1928.54	804.29	211.7622	1390.068	298.403	460.022	1931.394	230.9375	178.7094	15.74	1.5	402.13	1673.3
2016-01-03	1961.31	2043.94	123.11	1547.3	1884.57	794.21	210.1745	1388.443	298.447	458.654	1930.479	231.0846	178.7773	18.21	1.5	399.37	1662.79
2016-01-10	1917.62	1922.03	114.76	1447.32	1694.43	740.07	198.6176	1342.933	297.694	459.21	1943.703	231.3778	178.8576	27.01	1.5	374.75	1561.47
2016-01-17	1878.87	1880.33	111.02	1402.45	1578.32	709.19	185.0197	1311.608	291.223	454.02	1953.438	231.8582	178.9264	27.02	1.5	364.47	1521.0
2016-01-24	1879.43	1906.9	113.98	1374.19	1577.71	710.66	192.3304	1328.561	290.617	453.222	1952.86	232.0309	178.9945	22.34	1.5	367.97	1536.79
2016-01-31	1912.06	1940.24	115.37	1432.07	1542.95	742.37	199.2678	1345.344	293.504	457.404	1963.477	232.57	179.0652	20.2	1.5	375.02	1562.18
2016-02-07	1917.79	1880.05	109.89	1368.97	1524.39	739.61	192.1848	1324.863	293.015	461.52	1969.113	233.5039	179.1347	23.38	1.5	366.57	1523.87
2016-02-14	1835.28	1864.78	105.38	1196.28	1484.08	711.24	189.6449	1274.008	287.99	458.446	1972.64	234.2768	179.2022	25.4	1.5	357.07	1486.45
2016-02-21	1916.24	1917.78	109.92	1291.82	1574.29	740.98	188.8436	1327.213	291.375	461.546	1971.283	234.278	179.2727	20.53	1.5	369.74	1538.17
2016-02-28	1920.16	1948.05	111.69	1311.27	1542.49	740.02	192.8747	1345.803	293.565	461.539	1970.015	234.6936	179.339	19.81	1.5	373.23	1554.47
2016-03-06	1955.63	1999.99	115.23	1375.35	1619.62	790.97	202.3144	1391.577	301.863	469.032	1960.776	233.9855	179.4059	16.86	1.5	387.33	1608.04
2016-03-13	1971.41	2022.19	115.37	1359.32	1607.58	800.91	209.8356	1421.36	306.37	474.276	1954.391	233.7099	179.4725	16.5	1.5	391.75	1626.17
2016-03-20	1992.12	2049.58	115.13	1345.05	1677.35	826.75	212.3008	1455.112	309.733	480.801	1966.598	234.4778	179.539	14.02	1.5	397.21	1645.57
2016-03-27	1983.81	2035.94	112.84	1366.05	1668.8	812.32	207.6179	1433.304	307.577	478.463	1964.5	234.5904	179.6048	14.74	1.5	391.77	1623.71
2016-04-03	1973.57	2072.78	112.11	1301.4	1695.38	826.19	200.3351	1469.8	309.841	483.986	1975.893	234.9818	179.6717	13.1	1.5	396.01	1640.14
2016-04-10	1972.05	2047.6	111.74	1287.69	1681.79	816.82	207.3142	1475.259	311.087	484.83	1982.29	235.0682	179.7391	15.36	1.5	393.83	1632.2
2016-04-17	2014.71	2080.73	115.62	1361.4	1744.91	846.7	210.3823	1477.543	315.158	488.405	1979.46	234.8031	179.806	13.62	1.5	403.58	1670.47
2016-04-24	2015.49	2091.58	117.65	1407.5	1706.02	845.21	217.7236	1457.545	318.2	489.139	1969.874	235.0023	179.8729	13.22	1.5	406.92	1686.17
2016-05-01	1994.15	2065.3	115.15	1340.55	1680.52	840.19	225.4967	1464.524	321.339	493.446	1976.531	235.3805	179.9391	15.7	1.5	403.34	1670.8
2016-05-08	1976.71	2057.14	111.76	1298.32	1633.96	805.34	219.0394	1502.636	318.686	491.856	1980.519	235.6373	179.9865	14.72	1.5	395.66	1643.19
2016-05-15	1966.99	2046.61	112.71	1320.19	1595.32	796.07	224.7111	1483.281	319.321	492.434	1982.073	235.7653	180.0725	15.04	1.5	393.63	1635.92
2016-05-22	1947.67	2052.32	113.71	1343.4	1599.39	785.26	228.1806	1456.043	319.381	488.643	1970.882	235.5356	180.1417	15.2	1.5	393.95	1639.85
2016-05-29	1969.17	2099.06	117.62	1349.93	1628.37	808.29	231.0241	1478.18	321.155	488.845	1972.064	235.8141	180.2074	13.12	1.5	402.93	1676.07
2016-06-05	1985.84	2099.13	114.8	1337.23	1660.58	816.18	232.3533	1488.245	323.109	494.759	1982.089	236.2548	180.2743	13.47	1.5	403.87	1678.58
2016-06-12	2017.63	2096.07	112.11	1330.72	1654.94	823.82	235.4493	1491.207	325.324	497.261	1987.254	237.1947	180.3634	17.03	1.25	401.37	1665.22
2016-06-19	1953.4	2071.22	109.78	1250.83	1615.32	806.22	232.307	1494.838	322.748	494.543	1991.224	237.7353	180.4231	19.41	1.25	394.12	1635.78
2016-06-26	1925.24	2037.41	108.71	1204.48	1607.7	805.87	227.6098	1484.394	321.797	493.965	1995.566	238.7321	180.4816	25.76	1.25	388.27	1608.79
2016-07-03	1987.32	2102.95	112.4	1254.44	1648.91	839.25	232.0577	1553.935	325.226	502.283	2001.27	239.7146	180.5428	14.77	1.25	401.07	1660.26
2016-07-10	1963.1	2129.9	110.85	1209.88	1649.55	828.84	220.5189	1563.373	327.074	503.965	2004.395	239.8784	180.6024	13.2	1.25	400.99	1662.32
2016-07-17	2017.26	2161.74	114.32	1317.1	1712.54	867.84	221.8068	1570.894	331.16	506.861	1990.869	239.9767	180.6607	12.67	1.25	411.22	1700.57
2016-07-24	2010.34	2175.03	115.1	1327.51	1708.9	869.3	214.3806	1593.143	331.619	505.643	1993.148	239.846	180.7196	12.02	1.25	412.67	1706.97
2016-07-31	2016.19	2173.6	115.45	1322.74	1694.29	873.47	208.4616	1607.574	332.23	509.053	2000.554	240.2423	180.7784	11.87	1.25	416.09	1721.79
2016-08-07	2017.94	2182.87	115.24	1279.9	1709.58	885.52	209.7417	1579.565	333.095	508.984	1993.68	240.2521	180.8366	11.39	1.25	415.58	1716.65
2016-08-14	2050.47	2184.05	116.8	1323.22	1776.16	910.08	215.081	1577.811	336.181	514.914	1996.361	240.3253	180.8958	11.55	1.25	421.02	1736.1
2016-08-21	2056.24	2183.87	114.82	1295.67	1810.33	910.34	225.63	1556.379	338.517	518.446	1992.273	240.1009	180.9541	11.34	1.25	420.12	1731.85
2016-08-28	2037.5	2169.04	115.97	1287.9	1784.75	901.39	221.1455	1553.776	339.205	517.816	1986.254	240.2485	181.0119	13.65	1.25	418.42	1726.08
2016-09-04	2038.31	2179.98	118.23	1340.76	1795.37	899.61	211.4665	1562.418	339.137	515.787	1990.423	239.3518	181.0691	11.98	1.25	420.17	1734.6
2016-09-11	2037.87	2127.81	116.53	1343.86	1828.91	909.32	215.5742	1512.454	339.486	517.203	1988.704	239.51	181.1271	17.5	1.25	414.9	1707.94
2016-09-18	1999.36	2139.16	113.88	1311.5	1787.54	885.45	210.9003	1492.988	336.857	512.014	1990.543	239.1594	181.1603	15.37	1.25	411.18	1696.31
2016-09-25	2054.07	2164.69	116.52	1349.56	1823.26	917.5	212.9775	1550.866	339.96	518.331	1994.362	239.7419	181.2423	12.29	1.25	420.02	1729.7
2016-10-02	2043.63	2168.27	115.82	1322.78	1792.56	903.46	220.8207	1534.911	340.968	518.253	1995.391	240.4212	181.2994	13.29	1.25	418.43	1725.67
2016-10-09	2053.8	2153.74	114.87	1350.61	1815.2	914.81	224.9233	1451.541	341.525	516.551	1986.88	239.4758	181.3575	13.48	1.25	416.14	1712.4
2016-10-16	2022.66	2132.98	114.99	1347.19	1793.29	897.03	225.8731	1463.725	340.757	513.169	1986.49	239.3034	181.4154	16.12	1.25	411.21	1693.71
2016-10-23	2033.0	2141.16	116.48	1365.29	1806.27	911.24	225.9673	1466.273	341.871	513.266	1990.057	238.5204	181.4718	13.34	1.25	413.54	1701.16
2016-10-30	2019.42	2126.41	115.39	1392.41	1783.65	903.5	222.4986	1420.131	340.729	510.492	1986.691	237.6879	181.5273	16.19	1.25	410.94	1690.96
2016-11-06	1982.02	2085.18	111.29	1347.04	1765.55	880.12	209.9222	1404.698	339.136	512.038	1993.238	237.7345	181.5861	22.51	1.25	403.1	1660.12
2016-11-13	1984.43	2164.45	114.2	1378.28	1763.08	849.1	207.5074	1371.562	337.226	500.695	1974.324	235.867	181.6451	14.17	1.25	409.47	1696.99
2016-11-20	1974.58	2181.9	114.82	1428.46	1751.37	844.53	212.5386	1368.771	334.0	489.76	1958.448	234.1066	181.7023	12.85	1.25	409.32	1697.35
2016-11-27	1974.46	2213.35	115.96	1464.53	1785.08	855.78	215.7452	1386.783	335.757	490.494	1954.614	233.5478	181.7533	12.34	1.25	414.96	1720.84
2016-12-04	1970.61	2191.95	114.97	1477.98	1780.8	853.07	228.2994	1379.912	337.23	490.725	1956.887	233.51	181.8104	14.12	1.25	412.25	1708.94
2016-12-11	2024.69	2259.53	120.42	1525.36	1779.14	877.85	229.7202	1425.342	340.445	493.365	1955.175	234.2235	181.8728	11.75	1.25	424.56	1760.12
2016-12-18	2042.24	2258.07	122.07	1550.67	1704.39	856.4	230.5165	1414.528	339.706	491.242	1943.371	234.598	181.9355	12.2	1.25	422.3	1754.74
2016-12-25	2035.9	2263.79	122.01	1543.82	1678.05	841.6	229.5933	1418.211	341.126	494.3	1947.242	234.9066	181.9974	11.44	1.25	422.49	1759.15
2017-01-01	2026.46	2238.83	122.5	1518.61	1700.48	862.27	233.293	1440.356	342.529	497.078	1956.385	235.1589	182.0618	14.04	1.25	421.84	1751.22
2017-01-08	2049.12	2276.98	123.82	1553.32	1741.59	881.11	233.2775	1469.318	345.737	501.652	1955.527	235.36	182.1296	11.32	1.25	429.68	1783.1
2017-01-15	2076.79	2274.64	124.03	1544.89	1755.08	895.98	232.2266	1440.32	346.403	503.015	1959.042	235.8304	182.1932	11.23	1.25	431.55	1788.23
2017-01-22	2065.61	2271.31	122.88	1533.46	1760.04	893.28	231.9704	1441.003	346.702	503.104	1956.886	235.4537	182.2553	11.54	1.25	430.22	1782.71
2017-01-29	2083.59	2294.69	124.13	1549.25	1789.75	915.92	230.8421	1433.835	348.514	504.609	1958.603	235.0798	182.3063	10.58	1.25	435.84	1803.39
2017-02-05	2073.16	2297.42	123.28	1514.99	1780.08	918.87	232.5316	1447.217	350.102	508.37	1959.38	235.2525	182.3771	10.97	1.25	436.45	1805.51
2017-02-12	2075.08	2316.1	124.38	1546.56	1821.66	930.16	234.2228	1462.279	349.882	508.168	1963.035	235.8237	182.4403	10.85	1.25	439.01	1814.71
2017-02-19	2080.58	2351.16	125.3	1544.54	1840.57	939.03	230.7907	1466.515	350.57	508.283	1962.421	235.9065	182.5023	11.49	1.25	444.17	1836.5
2017-02-26	2094.12	2367.34	125.18	1550.14	1858.5	943.52	230.1069	1491.614	352.103	510.55	1970.466	235.684	182.5624	11.47	1.25	445.32	1840.8
2017-03-05	2078.75	2383.12	127.01	1558.05	1830.51	931.07	228.2346	1474.908	352.695	509.866	1955.281	235.3732	182.6241	10.96	1.25	446.45	1848.98
2017-03-12	2097.35	2372.6	126.28	1574.01	1829.79	926.14	216.7391	1426.678	349.737	508.132	1950.799	234.7426	182.6871	11.66	1.25	445.52	1845.88
2017-03-19	2164.58	2378.25	128.01	1565.85	1874.56	965.57	218.2671	1458.441	351.034	511.665	1957.458	236.0503	182.7491	11.28	1.25	451.26	1863.08
2017-03-26	2168.95	2343.98	127.37	1543.92	1887.35	969.13	215.4248	1467.925	351.275	515.183	1964.939	235.7579	182.8101	12.96	1.25	447.72	1845.81
2017-04-02	2160.23	2362.72	128.93	1512.6	1863.85	958.37	221.1762	1479.936	353.034	514.508	1966.576	235.6883	182.8714	12.37	1.25	448.87	1853.69
2017-04-09	2151.73	2355.54	128.94	1489.77	1892.63	961.61	224.8197	1494.67	353.61	515.407	1967.757	235.9127	182.9357	12.87	1.25	447.26	1845.46
2017-04-16	2134.88	2328.95	128.59	1459.07	1888.43	960.43	227.02	1510.276	353.916	517.08	1979.146	236.0944	182.9981	15.96	1.25	444.36	1832.28
2017-04-23	2165.04	2348.69	127.65	1488.58	1881.52	961.78	216.5316	1514.109	355.154	519.221	1980.339	236.136	183.0589	14.63	1.25	446.54	1842.06
2017-04-30	2205.44	2384.2	130.59	1531.8	1886.92	977.96	216.3816	1490.176	358.538	524.262	1977.283	236.1096	183.12	10.82	1.25	455.17	1878.28
2017-05-07	2241.24	2399.29	133.15	1550.3	1858.3	978.27	209.7292	1493.588	358.889	525.397	1973.067	236.0353	183.1717	10.57	1.25	459.17	1896.75
2017-05-14	2286.02	2390.9	133.58	1580.71	1892.13	1002.37	213.8086	1481.037	359.609	526.343	1976.28	235.5676	183.2405	10.4	1.25	459.6	1892.97
2017-05-21	2288.48	2381.73	132.16	1559.73	1912.14	995.67	220.3141	1494.754	361.314	529.857	1981.127	236.1616	183.303	12.04	1.25	459.64	1894.77
2017-05-28	2355.3	2415.82	132.04	1569.42	1951.67	1017.0	217.1934	1507.753	362.224	531.606	1981.211	236.1908	183.3634	9.81	1.25	464.5	1912.21
2017-06-04	2371.72	2439.07	132.46	1612.2	1959.63	1015.08	210.9037	1524.389	363.804	534.514	1986.343	236.6588	183.4235	9.75	1.25	469.35	1935.21
2017-06-11	2381.69	2431.77	131.82	1591.66	1998.59	1018.19	207.6241	1514.052	362.889	533.486	1983.436	237.0269	183.4838	10.7	1.25	466.84	1922.79
2017-06-18	2361.83	2433.15	131.25	1596.04	1960.72	1003.12	204.0212	1539.064	363.229	534.324	1985.117	237.1346	183.5442	10.38	1.25	466.16	1923.24
2017-06-25	2378.6	2438.3	130.85	1611.34	2000.71	1011.67	198.2128	1529.212	362.217	533.621	1985.405	237.5194	183.6043	10.02	1.25	466.98	1925.02
2017-07-02	2391.79	2423.41	128.08	1611.9	2011.26	1010.8	208.6202	1512.222	364.14	535.117	1979.438	236.8806	183.6618	11.18	1.25	465.09	1916.43
2017-07-09	2379.87	2425.18	128.34	1607.06	1996.74	1002.48	204.7714	1491.421	363.057	532.171	1975.345	236.2168	183.7241	11.19	1.25	463.96	1913.18
2017-07-16	2414.63	2459.27	130.59	1625.48	2064.9	1047.05	209.7782	1514.53	365.684	537.121	1982.69	236.9827	183.7848	9.51	1.25	473.78	1948.08
2017-07-23	2450.06	2472.54	128.26	1629.99	2093.6	1060.18	208.4945	1530.508	368.537	543.561	1987.373	237.2583	183.8454	9.36	1.25	476.77	1958.77
2017-07-30	2400.99	2472.1	127.69	1621.22	2116.53	1062.97	217.1745	1541.779	369.865	544.733	1986.637	237.364	183.906	10.29	1.25	477.25	1960.32
2017-08-06	2395.45	2476.83	129.17	1631.45	2128.56	1067.26	215.9844	1540.127	370.407	547.205	1987.532	237.0991	183.9676	10.03	1.25	479.07	1967.77
2017-08-13	2319.71	2441.32	125.66	1617.25	2098.28	1042.8	214.4142	1513.767	368.395	546.845	1994.303	236.7824	184.0281	15.51	1.25	471.33	1937.73
2017-08-20	2358.37	2425.55	126.28	1597.36	2141.13	1059.54	213.1184	1522.786	368.52	548.226	1993.148	236.7192	184.0886	14.26	1.25	470.63	1930.41
2017-08-27	2378.51	2443.05	126.28	1596.99	2195.88	1085.37	212.2093	1545.154	370.242	551.898	1994.21	237.1911	184.1493	11.28	1.25	475.02	1944.56
2017-09-03	2357.69	2476.55	126.96	1619.59	2224.44	1091.36	216.3097	1553.459	371.668	553.918	1995.662	237.3183	184.2102	10.13	1.25	479.9	1965.79
2017-09-10	2343.72	2461.43	126.72	1593.54	2233.2	1091.17	216.6889	1572.125	373.319	558.79	2003.148	237.7925	184.2711	12.12	1.25	479.61	1964.52
2017-09-17	2386.07	2500.23	128.44	1638.94	2253.89	1102.16	221.1839	1569.724	373.989	557.084	1992.588	237.8695	184.3319	10.17	1.25	485.18	1987.72
2017-09-24	2388.71	2502.22	129.33	1664.61	2262.71	1102.25	222.3807	1529.298	374.658	556.645	1988.258	237.7699	184.3926	9.59	1.25	486.66	1994.58
2017-10-01	2394.47	2519.36	131.01	1674.75	2229.53	1081.72	223.0907	1531.26	374.586	554.475	1986.286	236.906	184.4517	9.51	1.25	486.88	2000.55
2017-10-08	2394.47	2549.33	131.48	1687.16	2285.85	1103.12	218.8061	1530.937	374.468	553.4	1983.868	236.906	184.4517	9.65	1.25	490.89	2014.02
2017-10-15	2473.62	2553.17	132.12	1708.62	2312.66	1125.91	224.5068	1557.893	375.62	556.671	1988.193	236.9086	184.5715	9.61	1.25	495.09	2028.01
2017-10-22	2489.54	2575.21	131.79	1730.64	2306.49	1119.69	224.2743	1547.28	376.208	555.971	1981.589	236.1012	184.6332	9.97	1.25	496.39	2035.58
2017-10-29	2496.63	2581.07	132.88	1771.05	2306.91	1110.22	229.6566	1524.79	374.849	552.308	1981.087	235.3459	184.6936	9.8	1.25	495.69	2034.6
2017-11-05	2557.97	2587.84	133.72	1794.08	2323.48	1126.18	234.4251	1545.233	375.288	553.827	1983.56	235.1782	184.754	9.14	1.25	498.86	2045.47
2017-11-12	2542.95	2582.3	131.33	1800.44	2379.13	1128.49	237.1986	1590.508	373.149	551.052	1980.954	235.1962	184.8118	11.29	1.25	497.86	2040.25
2017-11-19	2533.99	2578.85	129.55	1763.76	2378.48	1136.45	234.9496	1580.187	373.738	554.416	1979.941	235.0769	184.8702	11.43	1.25	496.75	2033.18
2017-11-26	2544.33	2602.42	130.46	1780.56	2404.3	1154.26	238.1972	1590.35	375.805	558.416	1979.817	235.4175	184.9317	9.67	1.25	503.35	2059.54
2017-12-03	2475.41	2642.22	129.55	1796.53	2299.66	1115.94	237.2328	1583.585	375.833	558.186	1977.388	236.4374	184.9784	11.43	1.5	503.47	2069.37
2017-12-10	2464.0	2651.5	131.44	1803.73	2290.01	1110.78	232.1186	1574.146	375.238	557.089	1976.306	236.5024	185.0478	9.58	1.5	504.08	2073.46
2017-12-17	2482.07	2675.81	131.14	1793.47	2286.16	1118.5	231.864	1592.133	375.296	558.089	1975.804	236.9103	185.1158	9.42	1.5	507.08	2085.54
2017-12-24	2440.54	2683.34	131.81	1829.08	2347.55	1141.09	237.1867	1564.513	375.749	558.297	1970.336	236.5533	185.1847	9.9	1.5	511.29	2099.59
2017-12-31	2467.49	2673.61	131.41	1817.56	2357.9	1158.45	244.4236	1588.421	377.459	561.847	1974.968	236.6348	185.2539	11.04	1.5	513.03	2103.45
2018-01-07	2497.52	2743.15	134.13	1880.34	2465.74	1201.01	245.1529	1564.554	380.319	564.597	1969.769	236.4918	185.3266	9.22	1.5	526.69	2156.6
2018-01-14	2496.42	2786.24	134.58	1876.24	2508.41	1208.17	250.6242	1519.938	380.746	564.892	1966.874	236.0017	185.398	10.16	1.5	533.23	2185.31
2018-01-21	2520.26	2810.3	135.35	1889.74	2558.6	1232.6	249.0423	1533.785	381.09	565.759	1961.6	235.9253	185.4674	11.27	1.5	539.27	2207.4
2018-01-28	2574.76	2872.87	135.19	1879.39	2663.99	1273.07	256.271	1565.33	383.52	569.874	1959.145	235.8124	185.5368	11.08	1.5	550.32	2248.93
2018-02-04	2525.39	2762.13	130.91	1864.2	2577.61	1230.84	252.4492	1526.03	381.199	566.81	1951.745	235.1929	185.6062	17.31	1.5	531.46	2171.54
2018-02-11	2363.77	2619.55	124.29	1731.97	2317.82	1142.85	236.1757	1457.697	375.38	556.907	1958.597	235.1196	185.6751	29.06	1.5	500.91	2050.9
2018-02-18	2421.83	2732.22	128.29	1737.37	2437.13	1199.73	243.8406	1485.984	378.77	561.573	1951.055	235.3568	185.7242	19.46	1.5	522.6	2137.91
2018-02-25	2451.52	2747.3	128.5	1760.53	2494.72	1216.43	248.2033	1487.305	377.464	558.558	1952.52	235.0451	185.8129	16.49	1.5	524.12	2140.91
2018-03-04	2402.16	2691.25	123.76	1708.34	2421.46	1182.06	242.726	1450.751	376.876	558.965	1953.652	235.3156	185.8823	19.59	1.5	511.34	2089.84
2018-03-11	2459.45	2786.57	127.41	1715.48	2485.37	1207.23	244.1997	1494.151	378.159	559.775	1952.202	235.4924	185.9519	14.64	1.5	525.44	2149.32
2018-03-18	2493.97	2752.01	127.25	1736.63	2509.52	1213.14	244.235	1510.525	377.425	559.335	1953.449	236.115	186.0209	15.8	1.5	522.47	2134.05
2018-03-25	2416.76	2588.26	123.24	1664.94	2376.74	1172.1	250.0275	1465.92	376.529	558.157	1956.726	236.7058	186.0905	24.87	1.5	499.36	2036.55
2018-04-01	2445.85	2640.87	125.01	1716.3	2374.08	1170.88	248.7974	1502.119	376.634	560.151	1960.72	236.9542	186.16	19.97	1.5	505.81	2066.84
2018-04-08	2429.58	2604.47	126.44	1719.3	2336.35	1161.97	243.5999	1499.284	377.622	561.211	1960.221	237.2958	186.2302	21.49	1.5	502.32	2052.78
2018-04-15	2455.07	2656.3	127.86	1729.36	2373.16	1170.09	256.8315	1488.079	380.136	561.538	1954.343	237.5103	186.2998	17.41	1.5	510.52	2088.98
2018-04-22	2476.33	2670.14	128.79	1751.13	2326.55	1168.24	259.8287	1477.47	379.144	558.37	1947.057	237.0196	186.3697	16.88	1.5	512.74	2099.74
2018-04-29	2492.4	2669.91	129.79	1777.23	2311.37	1156.3	259.4909	1507.573	376.813	553.305	1947.87	237.0121	186.4392	15.41	1.5	511.31	2096.05
2018-05-06	2461.38	2663.42	130.58	1771.52	2315.1	1136.17	262.9465	1518.089	374.834	545.887	1949.229	236.4432	186.5091	14.77	1.5	508.83	2089.44
2018-05-13	2477.71	2727.72	132.37	1794.96	2399.48	1164.49	265.9175	1530.248	375.612	546.869	1946.163	236.4954	186.5786	12.65	1.5	519.46	2131.96
2018-05-20	2460.65	2712.97	133.24	1815.25	2402.78	1137.75	268.4994	1486.427	373.642	540.084	1944.356	236.9811	186.6482	13.42	1.5	515.66	2120.8
2018-05-27	2460.8	2721.33	131.85	1771.7	2368.46	1136.62	264.6238	1513.615	372.772	542.224	1953.923	237.346	186.7176	13.22	1.5	513.45	2110.8
2018-06-03	2438.96	2734.62	130.45	1749.17	2345.26	1130.22	261.9018	1531.081	372.303	538.218	1956.073	237.6959	186.7876	13.46	1.5	512.77	2109.19
2018-06-10	2451.58	2779.03	129.81	1781.44	2377.49	1135.39	261.298	1549.058	373.564	537.607	1954.606	237.7931	186.8574	12.18	1.5	519.15	2137.74
2018-06-17	2404.04	2779.66	131.1	1789.04	2349.66	1113.76	254.3705	1533.921	373.819	534.553	1953.162	238.0819	186.9271	11.98	1.5	517.21	2134.15
2018-06-24	2357.22	2754.88	129.74	1744.83	2252.64	1088.0	258.6701	1563.919	373.615	536.092	1956.118	238.8298	186.9969	13.77	1.5	511.68	2114.9
2018-07-01	2326.13	2718.37	128.08	1730.89	2164.42	1069.52	267.4411	1576.385	371.776	535.178	1960.595	239.4216	187.0666	16.09	1.5	505.2	2089.3
2018-07-08	2272.87	2759.82	128.96	1691.54	2098.74	1059.97	263.7609	1603.18	372.626	540.786	1961.356	239.6668	187.1372	13.37	1.5	509.9	2113.74
2018-07-15	2310.9	2801.31	129.86	1730.07	2136.72	1075.64	256.7383	1592.436	373.886	543.357	1961.947	239.7795	187.2071	12.18	1.5	515.22	2134.6
2018-07-22	2289.19	2801.83	130.02	1744.98	2101.22	1070.07	253.5317	1572.404	374.799	544.34	1960.618	240.175	187.277	12.86	1.5	515.89	2139.17
2018-07-29	2294.99	2818.82	132.1	1775.76	2126.54	1092.36	257.4519	1569.038	376.189	545.926	1955.759	239.9936	187.3469	13.03	1.5	520.73	2156.11
2018-08-05	2287.68	2840.35	131.16	1742.58	2007.66	1073.33	256.06	1610.34	376.416	542.989	1959.224	240.0316	187.4171	11.64	1.5	519.53	2155.39
2018-08-12	2282.79	2833.28	129.99	1720.16	2052.29	1062.37	254.0203	1585.549	374.811	534.958	1965.796	241.1207	187.4873	13.16	1.5	515.61	2139.84
2018-08-19	2247.05	2850.13	128.39	1697.53	1936.22	1022.94	250.412	1622.827	374.201	533.457	1965.288	241.8856	187.5569	12.64	1.5	513.08	2138.11
2018-08-26	2293.21	2874.69	129.19	1709.2	1990.36	1050.19	257.1536	1609.403	376.345	536.951	1967.687	242.5383	187.6267	11.99	1.5	519.6	2161.61
2018-09-02	2322.88	2901.52	128.68	1735.35	1999.5	1055.96	259.8688	1619.783	376.253	533.771	1967.659	243.3024	187.6952	12.86	1.5	522.88	2175.5
2018-09-09	2281.58	2871.68	125.88	1684.31	1930.73	1022.98	255.6232	1597.697	375.613	533.13	1962.469	243.9649	187.7654	14.88	1.5	512.97	2137.6
2018-09-16	2318.25	2904.98	127.23	1728.61	1927.33	1028.53	257.5609	1604.593	377.791	536.979	1957.919	243.4959	187.8359	12.07	1.5	519.46	2166.59
2018-09-23	2339.17	2929.67	129.56	1804.02	2010.45	1051.44	262.7351	1598.819	379.413	541.594	1955.293	242.4215	187.9038	11.68	1.5	527.86	2200.01
2018-09-30	2343.07	2913.98	129.25	1817.25	1993.62	1047.91	269.6336	1579.976	379.322	542.279	1957.504	242.9514	187.9741	12.12	1.5	524.25	2184.01
2018-10-07	2267.52	2885.57	127.05	1792.65	1925.17	1000.76	274.1366	1530.905	377.547	536.173	1950.2	242.157	188.0496	14.82	1.5	514.69	2151.42
2018-10-14	2161.85	2767.13	121.23	1702.45	1819.86	980.09	266.8721	1493.74	376.698	536.804	1956.617	242.9549	188.1171	21.31	1.5	494.76	2063.44
2018-10-21	2156.26	2767.78	122.07	1692.85	1786.42	971.47	263.574	1537.795	375.885	535.816	1953.345	243.8181	188.1861	19.89	1.5	494.05	2062.34
2018-10-28	2027.15	2658.69	119.14	1596.01	1766.47	939.55	259.8863	1520.345	372.824	533.37	1964.444	244.4837	188.256	24.16	1.5	475.11	1981.89
2018-11-04	2096.0	2723.06	123.03	1658.76	1886.29	996.72	250.1466	1534.695	373.869	533.207	1956.071	244.4362	188.3264	19.51	1.5	489.97	2036.7
2018-11-11	2086.09	2781.01	123.58	1672.98	1809.46	976.17	243.7421	1584.383	374.339	533.161	1956.506	245.1643	188.3996	17.36	1.5	494.48	2063.16
2018-11-18	2092.4	2736.27	121.13	1629.3	1861.33	986.3	238.6029	1593.199	369.972	530.586	1968.168	245.1548	188.472	18.14	1.5	488.34	2031.76
2018-11-25	2057.48	2632.56	119.76	1628.96	1817.57	969.17	222.6987	1578.135	368.316	527.251	1969.982	245.8596	188.5446	21.52	1.5	475.3	1975.09
2018-12-02	2096.86	2760.17	120.99	1667.45	1867.68	994.72	224.3344	1606.693	368.918	528.351	1972.606	246.5725	188.595	18.07	1.75	490.86	2041.36
2018-12-09	2075.76	2633.08	116.93	1620.45	1848.38	981.37	229.6676	1618.41	368.929	532.005	1983.956	247.6859	188.6736	23.23	1.75	473.88	1965.24
2018-12-16	2069.38	2599.95	117.53	1592.16	1842.43	971.9	224.039	1592.494	369.095	533.653	1983.406	247.7068	188.7523	21.63	1.75	468.51	1942.55
2018-12-23	2061.49	2416.62	113.89	1488.19	1762.26	957.33	209.8222	1509.878	364.02	535.032	1991.152	247.7817	188.8289	30.11	1.75	444.76	1834.97
2018-12-30	2041.04	2485.74	113.72	1494.09	1765.9	962.63	206.8791	1507.534	364.387	535.639	1999.505	247.827	188.9069	28.34	1.75	452.69	1870.8
2019-01-06	2010.25	2531.94	116.2	1471.16	1769.55	964.97	213.3984	1504.446	367.582	539.126	2005.995	248.0794	188.9968	21.38	1.75	459.94	1904.18
2019-01-13	2075.57	2596.26	117.96	1529.73	1850.89	1001.11	221.9168	1561.91	373.956	543.267	2003.624	247.8899	189.0777	18.19	1.75	473.26	1957.17
2019-01-20	2124.28	2670.71	120.57	1557.59	1894.51	1018.0	227.538	1588.57	376.11	546.359	1997.49	247.7143	189.1553	17.8	1.75	483.5	2000.76
2019-01-27	2177.73	2664.76	120.72	1566.1	1918.22	1032.34	225.6052	1613.8	377.032	550.292	2000.531	247.7527	189.2333	17.42	1.75	484.53	2001.86
2019-02-03	2203.46	2706.53	121.5	1564.63	1965.69	1050.2	227.5942	1655.97	380.172	554.308	2007.259	247.9742	189.3109	16.14	1.75	491.43	2029.55
2019-02-10	2177.05	2707.88	121.04	1539.4	1959.66	1036.03	223.8427	1673.731	379.956	553.15	2012.821	248.2444	189.3872	15.72	1.75	488.72	2020.53
2019-02-17	2196.09	2775.6	124.68	1577.29	1967.92	1030.64	231.1349	1683.074	381.48	553.651	2009.723	248.5705	189.4635	14.91	1.75	498.24	2066.59
2019-02-24	2230.5	2792.67	125.42	1609.52	2064.56	1058.65	234.437	1688.13	383.467	556.052	2012.946	248.1136	189.5392	13.51	1.75	504.15	2086.97
2019-03-03	2195.44	2803.69	126.34	1615.72	2120.56	1051.54	230.0172	1675.361	385.835	557.546	2007.476	248.2682	189.6061	13.57	1.75	505.75	2096.35
2019-03-10	2137.44	2743.07	125.1	1572.44	2071.93	1030.13	229.9097	1681.039	383.319	555.087	2017.699	248.7102	189.6954	16.05	1.75	494.91	2051.12
2019-03-17	2176.11	2822.48	128.62	1602.63	2132.16	1057.3	235.1334	1718.167	387.075	560.832	2020.544	248.7135	189.7729	12.88	1.75	508.72	2108.78
2019-03-24	2186.95	2800.71	126.97	1617.11	2155.38	1059.63	236.057	1735.594	387.919	563.464	2032.327	249.677	189.851	16.48	1.75	505.88	2094.81
2019-03-31	2140.67	2834.4	127.91	1591.64	2169.28	1058.13	236.0308	1751.952	388.567	563.873	2035.575	250.8478	189.9292	13.71	1.75	508.55	2107.74
2019-04-07	2209.61	2892.74	130.92	1625.75	2251.2	1085.14	243.0673	1758.499	390.56	565.371	2030.885	250.3208	190.0116	12.82	1.75	519.04	2149.85
2019-04-14	2233.45	2907.41	130.75	1605.4	2245.33	1089.09	245.5046	1769.688	392.732	565.485	2027.041	250.6428	190.0894	12.01	1.75	521.29	2159.39
2019-04-21	2216.15	2905.03	131.75	1616.93	2268.48	1092.52	244.6255	1720.491	392.666	565.693	2028.667	250.4293	190.1669	12.09	1.75	521.69	2160.36
2019-04-28	2179.31	2939.88	131.87	1617.93	2191.76	1078.06	241.636	1743.745	392.574	564.482	2035.956	250.8729	190.2459	12.73	1.75	523.74	2173.82
2019-05-05	2196.32	2945.64	131.75	1617.93	2214.56	1082.77	239.1906	1751.627	393.481	566.529	2033.518	250.6375	190.3232	12.87	1.75	524.85	2177.77
2019-05-12	2108.04	2881.4	127.23	1549.42	2083.91	1033.44	236.213	1741.231	391.839	565.783	2040.772	251.0252	190.4003	16.04	1.75	511.11	2126.32
2019-05-19	2055.8	2859.53	128.71	1554.25	2005.58	996.39	241.0649	1763.836	390.913	565.131	2046.757	251.7849	190.4775	15.96	1.75	506.93	2116.51
2019-05-26	2045.31	2826.06	126.76	1541.21	1935.69	986.65	232.4269	1772.765	390.899	566.749	2051.094	252.1642	190.5548	15.85	1.75	501.8	2095.03
2019-06-02	2041.74	2752.06	124.47	1512.28	1937.55	998.0	221.8899	1755.542	388.805	566.59	2067.085	253.6903	190.6329	18.71	1.75	492.12	2046.25
2019-06-09	2072.33	2873.34	127.28	1532.39	1920.9	1007.39	221.5439	1802.842	392.998	574.033	2074.143	253.9908	190.7129	16.3	1.75	509.76	2126.88
2019-06-16	2095.41	2886.98	127.67	1546.71	1957.47	1015.08	221.3147	1811.202	393.988	575.975	2075.403	254.8477	190.7956	15.28	1.75	511.07	2130.95
2019-06-23	2125.62	2950.46	129.77	1545.9	2059.74	1053.22	229.0349	1827.087	398.7	584.767	2079.593	255.2651	190.8736	15.4	1.75	523.31	2178.16
2019-06-30	2130.62	2941.76	129.77	1551.14	2061.63	1054.86	231.3199	1790.373	399.735	587.896	2084.923	255.0386	190.9504	15.08	1.75	523.44	2178.35
2019-07-07	2110.59	2990.41	131.5	1592.58	2087.76	1059.93	229.6792	1837.334	400.03	590.086	2077.5	255.9258	191.0259	13.28	1.75	529.51	2205.57
2019-07-14	2086.66	3013.77	130.37	1576.31	2043.5	1050.91	237.0303	1829.684	400.061	588.956	2077.716	255.8581	191.1054	12.39	1.75	530.48	2212.65
2019-07-21	2094.36	2976.61	130.46	1563.96	2061.23	1057.49	226.8235	1797.381	399.23	591.067	2082.123	257.2836	191.2013	14.45	1.5	527.04	2194.61
2019-07-28	2066.26	3025.86	131.64	1571.52	2074.4	1048.66	227.2447	1802.614	400.574	592.422	2078.503	258.2672	191.282	12.16	1.5	531.0	2215.71
2019-08-04	1998.13	2932.05	127.4	1533.46	1975.55	1003.76	222.3237	1826.305	399.19	592.294	2093.288	259.249	191.3496	17.61	1.5	514.44	2149.99
2019-08-11	1937.75	2918.65	125.12	1503.84	1900.71	981.19	218.371	1852.838	398.659	595.793	2101.917	260.2459	191.417	17.97	1.5	510.01	2135.34
2019-08-18	1927.17	2888.68	124.52	1485.29	1934.24	970.27	216.4267	1857.043	396.617	588.09	2113.48	261.779	191.4816	18.47	1.5	503.68	2108.5
2019-08-25	1948.3	2847.11	125.04	1502.25	1966.0	973.66	215.045	1860.975	399.38	588.589	2113.395	260.4579	191.5469	19.87	1.5	500.94	2094.63
2019-09-01	1967.79	2926.46	127.82	1511.86	1964.19	984.33	217.0686	1882.537	399.952	588.041	2115.537	260.0325	191.6111	18.98	1.5	510.88	2138.52
2019-09-08	2009.13	2978.71	130.46	1537.1	2033.63	1007.96	221.1182	1903.179	401.4	593.012	2113.902	259.0556	191.6714	15.0	1.5	520.83	2178.9
2019-09-15	2049.2	3007.39	132.0	1609.87	2070.83	1026.61	220.7979	1859.925	402.676	588.661	2088.695	259.0711	191.717	13.74	1.5	527.63	2205.81
2019-09-22	2091.52	2992.07	132.39	1616.23	2039.28	1021.27	228.038	1893.296	403.121	591.444	2098.103	258.0392	191.8021	15.32	1.5	525.57	2197.55
2019-09-29	2049.93	2961.79	132.05	1604.25	1967.38	1001.5	223.7695	1899.601	401.533	590.175	2106.075	258.3551	191.8695	17.22	1.5	519.73	2175.54
2019-10-06	2020.69	2952.01	128.11	1572.9	1966.05	996.58	218.2347	1908.393	400.516	592.502	2123.748	259.3796	191.9376	17.04	1.5	514.85	2153.82
2019-10-13	2044.61	2970.27	131.82	1595.27	2016.04	1011.54	223.9625	1903.279	402.149	592.449	2105.225	258.1562	192.005	15.58	1.5	521.14	2179.33
2019-10-20	2060.69	2986.2	131.86	1621.99	2013.64	1024.02	222.4731	1937.551	404.347	594.433	2107.847	256.8486	192.1019	14.25	1.25	525.25	2195.28
2019-10-27	2087.89	3022.55	134.0	1648.44	2024.75	1035.84	227.6848	1924.739	405.218	594.909	2103.316	255.5487	192.16	12.65	1.25	531.77	2222.75
2019-11-03	2100.2	3066.91	134.4	1666.5	2055.11	1049.19	228.044	1920.449	405.604	596.645	2109.725	255.2425	192.2142	12.3	1.25	538.76	2252.07
2019-11-10	2137.23	3093.08	136.39	1702.77	2107.4	1064.85	228.8245	1852.717	405.059	592.513	2097.473	254.6787	192.2668	12.07	1.25	543.24	2268.83
2019-11-17	2162.18	3120.46	136.51	1696.67	2044.02	1048.79	228.7619	1882.988	405.145	592.95	2104.638	254.9781	192.3258	12.05	1.25	545.23	2282.8
2019-11-24	2101.96	3110.29	135.82	1691.34	2049.35	1048.55	227.9108	1866.451	404.404	592.085	2106.373	256.1976	192.3893	12.34	1.25	543.33	2273.89
2019-12-01	2087.96	3140.98	136.86	1699.36	2050.78	1040.05	222.6106	1893.096	406.292	592.649	2107.761	257.1211	192.4541	12.62	1.25	546.7	2292.26
2019-12-08	2081.85	3145.91	136.76	1713.36	2080.31	1048.96	230.0998	1887.415	407.734	593.705	2104.596	256.7283	192.5165	13.62	1.25	548.12	2296.39
2019-12-15	2170.25	3168.8	138.28	1739.98	2146.66	1086.91	233.3866	1838.954	411.217	600.09	2106.446	257.0359	192.5796	12.63	1.25	555.38	2319.73
2019-12-22	2204.18	3221.22	140.53	1733.07	2182.66	1107.64	236.2454	1875.482	413.15	602.204	2102.48	256.7654	192.6456	12.51	1.25	563.0	2349.87
2019-12-29	2204.21	3240.02	140.93	1733.18	2207.32	1118.61	240.0495	1890.525	414.24	604.965	2107.83	256.4961	192.7123	13.43	1.25	566.84	2364.9
2020-01-05	2176.46	3234.85	140.52	1721.36	2254.45	1123.87	241.7259	1894.45	415.378	606.244	2115.091	257.937	192.7851	14.02	1.25	566.79	2363.12
2020-01-12	2206.39	3265.35	140.76	1735.16	2290.56	1133.63	234.4372	1896.206	416.396	608.036	2111.913	256.5107	192.855	12.56	1.25	570.45	2377.62
2020-01-19	2250.57	3329.62	142.59	1735.44	2322.78	1146.83	232.575	1942.566	417.785	609.739	2113.116	256.3632	192.9195	12.1	1.25	579.24	2415.51
2020-01-26	2246.13	3295.47	142.25	1730.44	2215.29	1119.39	221.3273	1959.871	416.361	609.933	2123.731	256.5013	192.9735	14.56	1.25	573.29	2395.31
2020-02-02	2119.01	3225.52	137.78	1684.44	2144.66	1062.34	211.8134	1928.482	415.49	613.041	2137.676	258.2885	193.0537	18.84	1.25	558.62	2342.41
2020-02-09	2211.95	3327.71	142.26	1732.14	2188.78	1091.65	210.0432	1949.974	417.068	613.496	2132.099	258.1793	193.1231	15.47	1.25	573.55	2404.75
2020-02-16	2243.59	3380.16	144.08	1702.87	2236.32	1106.3	214.2396	2030.902	418.234	614.593	2131.558	257.6547	193.1898	13.68	1.25	580.06	2431.36
2020-02-23	2162.84	3337.75	143.17	1674.0	2244.52	1084.22	216.5694	2026.425	418.765	617.051	2139.272	260.2208	193.2558	17.08	1.25	572.68	2402.8
2020-03-01	1987.01	2954.22	125.79	1510.87	2146.6	1005.52	193.8106	1791.445	408.777	605.549	2172.656	261.6667	193.3191	40.11	1.25	512.76	2141.12
2020-03-08	2040.22	2972.37	122.84	1471.46	2217.89	1012.08	186.4038	1873.957	409.429	614.017	2201.002	261.3009	193.3813	41.94	1.25	514.88	2149.29
2020-03-15	1771.44	2711.02	100.03	1261.7	2056.62	891.19	159.6765	1662.814	377.071	558.427	2188.239	258.6995	193.4432	57.83	1.25	451.09	1881.64
2020-03-22	1566.15	2304.92	98.24	1283.22	1923.46	803.23	139.9478	1273.744	335.027	505.605	2204.114	258.1398	193.5168	66.04	0.75	397.12	1650.94
2020-03-29	1717.73	2541.47	104.29	1459.49	1988.54	842.54	139.9227	1460.281	353.227	524.971	2218.06	259.0129	193.5296	65.54	0.75	436.6	1827.17
2020-04-05	1725.44	2488.65	103.86	1325.13	1985.79	831.72	147.3621	1361.853	349.912	519.014	2221.534	258.8162	193.6027	46.8	0.75	425.35	1776.86
2020-04-12	1860.7	2789.82	111.13	1430.04	2051.43	888.16	142.7015	1644.75	365.943	530.928	2220.245	260.3917	193.6585	41.67	0.75	469.87	1971.96
2020-04-19	1914.53	2874.56	111.64	1442.54	2099.58	901.31	135.4744	1603.458	375.195	537.054	2223.139	260.1131	193.713	38.15	0.75	480.27	2017.51
2020-04-26	1889.01	2836.74	110.3	1421.29	2070.48	879.41	120.8903	1528.609	368.43	529.366	2223.381	259.4036	193.7701	35.93	0.75	472.62	1987.65
2020-05-03	1947.56	2830.71	112.63	1431.26	2112.83	916.77	123.2089	1540.422	372.157	537.706	2222.681	259.5471	193.8086	37.19	0.75	478.56	2004.79
2020-05-10	1945.82	2929.8	113.89	1458.28	2138.75	911.65	132.1088	1566.923	374.061	541.572	2227.258	260.9485	193.8791	27.98	0.75	490.24	2061.89
2020-05-17	1927.28	2863.7	109.54	1453.77	2125.72	901.16	133.4208	1454.731	372.48	544.268	2229.196	261.7437	193.9412	31.89	0.75	478.35	2008.41
2020-05-24	1970.13	2955.45	113.36	1477.8	2067.29	905.25	139.3957	1531.921	382.261	560.062	2227.703	262.1612	193.9996	28.16	0.75	491.94	2071.9
2020-05-31	2029.6	3044.31	116.58	1563.67	2105.51	930.35	143.6784	1618.138	390.105	568.235	2230.341	262.0941	194.0966	27.51	0.5	509.47	2147.88
2020-06-07	2181.87	3193.93	124.82	1612.48	2219.57	1002.65	152.0729	1740.734	403.972	584.494	2217.952	261.0538	194.1426	24.52	0.5	539.0	2266.76
2020-06-14	2132.3	3041.31	117.95	1570.68	2208.71	987.01	145.774	1673.339	398.782	582.569	2228.425	261.8151	194.1857	36.09	0.5	516.57	2164.46
2020-06-21	2141.32	3097.74	121.73	1582.8	2274.16	1001.36	151.9724	1662.362	401.417	585.709	2228.379	261.6001	194.2253	35.12	0.5	526.81	2208.97
2020-06-28	2134.65	3009.05	119.33	1577.37	2284.65	998.9	147.5432	1604.41	398.103	585.63	2231.691	262.3779	194.2651	34.73	0.5	515.81	2157.19
2020-07-05	2152.41	3130.01	121.53	1552.33	2405.83	1033.09	154.3931	1682.925	400.174	589.207	2232.421	261.8602	194.3105	27.68	0.5	532.5	2226.4
2020-07-12	2150.25	3185.04	122.02	1535.2	2598.96	1069.27	156.1721	1650.911	401.877	591.281	2232.265	261.9309	194.3525	27.29	0.5	541.77	2259.6
2020-07-19	2201.19	3224.73	123.99	1573.85	2481.76	1055.06	155.596	1655.515	406.044	595.85	2233.664	262.3783	194.3925	25.68	0.5	548.05	2293.92
2020-07-26	2200.44	3215.63	122.01	1572.96	2462.69	1060.47	157.6928	1651.997	412.678	605.219	2233.895	263.2202	194.4315	25.84	0.5	547.9	2291.58
2020-08-02	2249.37	3271.12	118.12	1496.06	2532.45	1078.92	156.6851	1712.644	416.56	610.696	2238.708	263.4099	194.4698	24.46	0.5	551.89	2304.98
2020-08-09	2351.67	3351.28	120.39	1546.74	2559.08	1089.32	158.8986	1723.109	418.988	616.438	2237.388	263.1187	194.511	22.21	0.5	563.24	2355.97
2020-08-16	2407.49	3372.85	121.97	1623.38	2550.12	1093.16	161.0918	1701.547	418.826	616.692	2232.93	262.5456	194.5544	22.05	0.5	569.4	2384.2
2020-08-23	2304.59	3397.16	120.98	1604.06	2595.45	1091.85	161.6379	1703.501	418.723	616.138	2234.926	262.3705	194.5916	22.54	0.5	570.97	2392.11
2020-08-30	2353.8	3508.01	122.11	1604.87	2692.19	1121.6	164.6496	1734.317	422.294	617.092	2235.181	261.6427	194.6276	22.96	0.5	586.44	2456.86
2020-09-06	2368.25	3426.96	119.94	1616.6	2637.68	1099.5	158.7757	1714.979	422.104	620.82	2232.725	260.9862	194.6651	30.75	0.5	573.04	2399.6
2020-09-13	2396.69	3340.97	121.97	1636.64	2559.51	1091.79	154.1942	1688.338	421.337	620.042	2236.736	261.3861	194.705	26.87	0.5	565.96	2368.14
2020-09-20	2412.4	3319.47	122.14	1646.42	2617.15	1108.53	161.4184	1689.526	421.999	618.936	2235.434	261.8108	194.7418	25.83	0.5	567.02	2367.99
2020-09-27	2278.79	3298.46	117.82	1634.23	2514.99	1059.1	156.9991	1652.925	413.56	607.877	2236.735	262.8015	194.7787	26.38	0.5	555.21	2326.85
2020-10-04	2327.89	3348.44	120.06	1609.22	2560.6	1081.71	152.1509	1726.243	417.237	609.873	2235.532	262.9805	194.7997	27.63	0.5	564.11	2362.41
2020-10-11	2391.96	3477.13	122.61	1647.38	2659.05	1122.51	161.6142	1749.084	422.889	618.052	2232.419	261.7372	194.8469	25.0	0.5	584.6	2447.76
2020-10-18	2341.53	3483.81	121.68	1617.69	2718.03	1124.08	161.9705	1709.759	421.752	617.52	2233.562	262.1695	194.8897	27.41	0.5	583.11	2440.14
2020-10-25	2360.81	3465.39	120.1	1625.32	2709.53	1136.45	160.2564	1696.274	423.475	616.182	2230.812	262.2531	194.9271	27.55	0.5	581.91	2430.54
2020-11-01	2267.15	3269.96	113.46	1579.33	2690.62	1103.46	152.2213	1618.249	418.112	610.689	2231.03	261.9216	194.9651	38.02	0.5	551.0	2292.93
2020-11-08	2416.5	3509.44	121.28	1658.49	2841.31	1176.36	155.836	1702.161	427.677	624.096	2231.911	261.644	195.0008	24.86	0.5	592.76	2470.05
2020-11-15	2493.87	3585.15	127.74	1703.22	2795.9	1188.35	161.2064	1792.593	430.219	629.886	2229.167	261.0569	195.0387	23.1	0.5	605.92	2529.29
2020-11-22	2553.5	3557.54	129.2	1727.39	2831.18	1209.26	165.3494	1773.433	433.448	633.991	2231.297	261.4126	195.0765	23.7	0.5	609.52	2540.02
2020-11-29	2633.45	3638.35	130.48	1786.52	2852.91	1230.72	171.6273	1772.827	437.33	637.297	2232.902	261.2901	195.1145	20.84	0.5	623.76	2601.45
2020-12-06	2731.45	3699.12	130.76	1775.94	2847.65	1251.04	171.8431	1797.652	442.695	643.932	2229.682	261.043	195.1526	20.79	0.5	633.09	2639.66
2020-12-13	2770.06	3663.46	129.51	1782.01	2800.69	1257.66	173.7606	1753.656	443.207	645.347	2234.65	261.13	195.1901	23.31	0.5	629.83	2621.89
2020-12-20	2772.18	3709.41	131.3	1793.24	2842.82	1268.36	180.0692	1765.657	446.071	650.642	2233.579	260.6239	195.2274	21.57	0.5	639.8	2666.3
2020-12-27	2806.86	3703.06	131.14	1778.41	2805.41	1255.2	178.5919	1771.554	445.783	649.834	2234.505	260.7744	195.2601	21.53	0.5	637.46	2659.27
2021-01-03	2873.47	3756.07	132.1	1804.68	2911.79	1291.75	180.7051	1801.426	448.257	652.786	2236.025	260.5696	195.2988	22.75	0.5	646.3	2690.04
2021-01-10	3152.18	3824.68	136.24	1854.94	3052.4	1353.53	188.6028	1762.103	449.241	650.394	2228.315	260.9162	195.3437	21.56	0.5	663.59	2753.31
2021-01-17	3085.9	3768.25	135.2	1856.61	3072.12	1358.03	189.9548	1778.911	447.861	644.839	2230.349	260.9387	195.3816	24.34	0.5	655.86	2714.81
2021-01-24	3140.63	3841.47	135.38	1856.64	3219.77	1392.85	188.0479	1799.804	449.11	646.763	2232.471	260.6079	195.4192	21.91	0.5	666.69	2755.66
2021-01-31	2976.21	3714.24	131.05	1808.78	3094.52	1329.57	189.6262	1798.539	448.529	647.029	2232.757	260.5268	195.4573	33.09	0.5	642.91	2661.69
2021-02-07	3120.63	3886.83	135.5	1890.95	3227.3	1395.35	198.227	1840.802	450.948	648.805	2231.792	260.2832	195.4931	20.87	0.5	670.56	2773.45
2021-02-14	3100.58	3934.83	137.03	1933.88	3389.67	1428.87	203.9544	1857.711	452.773	650.366	2231.31	259.8931	195.5207	19.97	0.5	682.24	2818.85
2021-02-21	3107.62	3906.71	137.42	1928.95	3370.13	1430.03	206.6528	1844.6	453.095	645.802	2226.258	259.5867	195.5689	22.05	0.5	679.74	2806.47
2021-02-28	3012.95	3811.15	134.19	1864.49	3062.47	1339.26	209.6857	1814.249	450.597	637.946	2213.713	258.7326	195.6081	27.95	0.5	657.15	2726.91
2021-03-07	3026.26	3841.94	135.62	1896.18	3014.59	1339.31	216.0106	1790.134	447.825	631.119	2213.545	258.343	195.6472	24.66	0.5	657.49	2728.56
2021-03-14	3054.39	3943.34	140.28	1951.06	2972.38	1348.2	216.0494	1876.895	448.138	630.608	2210.032	257.2424	195.6847	20.69	0.5	674.47	2807.21
2021-03-21	3039.53	3913.1	140.35	2012.21	2941.85	1336.84	208.5371	1867.852	447.032	631.562	2209.276	257.9122	195.7236	20.95	0.5	671.41	2796.14
2021-03-28	3041.01	3974.54	141.53	1984.16	2860.57	1307.48	208.0601	1927.941	447.414	628.94	2213.023	258.5059	195.7626	18.86	0.5	673.35	2814.86
2021-04-04	3112.8	4019.87	143.15	1971.62	2939.1	1338.23	208.0641	1939.219	448.835	629.079	2209.299	257.7095	195.8014	17.33	0.5	681.03	2841.89
2021-04-11	3131.88	4128.8	144.8	1959.47	2875.69	1330.36	206.8485	1955.315	451.79	633.775	2212.12	258.4147	195.8396	16.69	0.5	694.71	2910.1
2021-04-18	3198.62	4185.47	146.51	1960.87	2889.47	1348.69	214.5259	2005.548	453.5	640.165	2215.229	258.681	195.8794	16.25	0.5	704.94	2953.35
2021-04-25	3186.1	4180.17	145.32	1914.98	2961.92	1353.02	216.886	2035.623	454.003	640.905	2216.362	258.3377	195.9185	17.33	0.5	703.72	2946.11
2021-05-02	3147.86	4181.17	144.69	1898.24	2932.58	1347.61	222.0454	2057.934	454.706	640.2	2215.321	257.1248	195.9581	18.61	0.5	701.83	2938.76
2021-05-09	3197.2	4232.6	147.24	1933.05	2864.05	1348.57	229.54	2048.805	456.788	644.656	2221.57	257.3936	195.9967	16.69	0.5	710.36	2979.41
2021-05-16	3153.32	4173.85	146.58	1883.42	2831.44	1307.53	225.7868	2022.696	455.88	643.005	2218.795	257.3259	196.036	18.81	0.5	699.13	2938.63
2021-05-23	3156.42	4155.86	147.19	1904.69	2884.74	1330.04	222.0179	2042.5	456.338	644.683	2218.616	257.624	196.0739	20.15	0.5	701.57	2943.13
2021-05-30	3188.73	4204.11	148.53	1947.44	2973.88	1360.78	227.6417	2080.964	457.766	647.279	2222.016	257.2532	196.1115	16.76	0.5	711.15	2979.3
2021-06-06	3240.08	4229.89	149.76	1959.19	2979.12	1381.56	234.0041	2138.431	458.866	648.809	2223.092	257.0178	196.1493	16.42	0.5	716.31	2997.36
2021-06-13	3249.32	4247.44	151.55	1954.02	2962.89	1381.99	235.6581	2184.002	460.405	653.446	2225.322	258.1444	196.1863	15.65	0.5	719.52	3012.67
2021-06-20	3267.93	4166.45	149.84	1946.56	2913.41	1361.25	230.3456	2127.707	457.705	648.363	2212.313	258.4691	196.2236	20.7	0.5	705.97	2954.19
2021-06-27	3302.84	4280.7	151.74	1962.65	2986.18	1379.59	234.7457	2160.137	459.425	648.413	2211.232	257.3491	196.2599	15.62	0.5	721.91	3024.94
2021-07-04	3281.78	4352.34	151.29	1956.31	2897.1	1355.38	239.8357	2154.052	459.741	647.883	2215.933	257.5832	196.2982	15.07	0.5	724.66	3046.09
2021-07-11	3217.95	4369.55	151.56	1912.38	2812.7	1318.17	236.1425	2207.192	460.285	649.493	2221.555	258.8571	196.3386	16.18	0.5	723.6	3053.12
2021-07-18	3276.91	4327.16	150.6	1932.19	2861.62	1340.08	235.3625	2218.971	459.786	650.301	2221.582	258.848	196.3763	18.45	0.5	719.17	3024.66
2021-07-25	3254.42	4411.79	152.67	1904.41	2792.11	1311.3	237.2826	2220.437	459.081	649.512	2226.953	260.4324	196.416	17.2	0.5	727.13	3072.38
2021-08-01	3202.32	4395.26	152.74	1901.08	2638.07	1277.8	241.1352	2225.298	459.198	650.927	2229.274	260.5475	196.4546	18.24	0.5	724.21	3069.25
2021-08-08	3270.36	4436.52	155.46	1929.34	2656.24	1292.53	232.8726	2239.628	458.555	650.574	2224.447	260.5823	196.4944	16.15	0.5	731.19	3098.06
2021-08-15	3171.29	4468.0	157.38	1956.39	2662.7	1280.86	234.4016	2238.313	458.977	651.058	2222.547	260.4168	196.5299	15.45	0.5	736.02	3125.12
2021-08-22	3060.51	4441.67	154.83	1880.68	2493.79	1220.78	220.8598	2241.853	457.246	650.122	2222.744	261.2154	196.5678	18.56	0.5	722.58	3080.02
2021-08-29	3133.9	4509.37	155.92	1928.77	2588.32	1272.67	236.3467	2242.304	460.611	653.684	2223.607	260.3127	196.5796	16.39	0.75	737.24	3133.67
2021-09-05	3201.06	4535.43	155.69	2015.45	2660.92	1315.91	237.5858	2324.86	462.542	657.54	2225.339	260.5159	196.6281	16.41	0.75	746.46	3163.99
2021-09-12	3125.76	4458.58	153.89	2091.65	2717.35	1308.94	237.7576	2238.156	462.871	656.858	2223.36	259.8167	196.6735	20.95	0.75	737.28	3122.07
2021-09-19	3140.51	4432.99	152.38	2100.17	2607.48	1279.35	241.3339	2231.391	462.004	654.689	2220.02	259.0023	196.7175	20.81	0.75	729.99	3096.62
2021-09-26	3125.24	4455.48	153.05	2090.75	2559.07	1265.1	246.2025	2198.559	460.478	648.418	2213.135	257.9752	196.7659	17.75	0.75	730.46	3103.53
2021-10-03	3019.18	4357.04	149.92	1986.31	2563.91	1246.6	251.6603	2144.771	457.695	642.387	2217.482	257.1322	196.8129	21.15	0.75	712.44	3022.83
2021-10-10	2956.3	4391.34	151.57	1961.85	2604.68	1257.04	258.6561	2137.866	454.751	639.275	2208.833	256.0172	196.8621	18.77	0.75	717.49	3043.74
2021-10-17	3015.06	4471.37	155.49	2023.93	2644.66	1283.67	265.8269	2210.875	454.957	641.812	2202.362	255.8294	196.9106	16.3	0.75	732.95	3109.47
2021-10-24	3006.16	4544.9	156.26	2002.23	2715.38	1293.14	265.0773	2272.642	455.161	639.5	2194.832	255.1465	196.9589	15.43	0.75	742.26	3151.16
2021-10-31	2970.68	4605.38	157.41	2001.18	2638.18	1264.75	264.2471	2272.741	454.616	640.613	2197.014	252.7453	197.0066	16.26	0.75	745.23	3174.73
2021-11-07	2969.27	4697.53	159.99	2041.42	2587.3	1264.07	260.8535	2291.008	455.389	643.833	2207.902	255.2715	197.0555	16.48	0.75	757.13	3232.26
2021-11-14	2968.8	4682.85	161.11	2040.6	2652.08	1285.48	261.4256	2283.895	453.754	639.919	2192.785	255.7207	197.1055	16.29	0.75	756.83	3223.82
2021-11-21	2971.02	4697.96	160.86	2044.53	2623.84	1269.22	255.7914	2288.432	452.508	636.681	2194.926	255.2599	197.1579	17.91	0.75	754.92	3219.9
2021-11-28	2936.44	4594.62	153.68	1984.98	2563.27	1223.13	243.5214	2271.045	447.052	627.756	2197.341	256.4988	197.1932	28.62	1.0	733.53	3131.98
2021-12-05	2968.33	4538.43	153.4	1957.86	2533.12	1224.64	236.8576	2260.839	448.74	632.123	2199.523	257.0172	197.251	30.67	1.0	724.18	3086.44
2021-12-12	3010.23	4712.02	157.74	1975.48	2579.92	1238.54	245.8305	2323.238	451.896	635.437	2189.428	257.4513	197.3075	18.69	1.0	746.26	3188.26
2021-12-19	3017.73	4620.64	157.2	1984.47	2489.33	1216.3	244.0725	2355.386	451.482	634.375	2195.311	258.0377	197.3661	21.57	1.0	734.67	3139.75
2021-12-26	3012.43	4725.79	160.06	1986.78	2482.31	1220.55	252.2308	2370.505	452.928	633.776	2190.792	257.6428	197.4245	17.96	1.0	748.88	3206.85
2022-01-02	2977.65	4766.18	161.67	1992.33	2501.11	1232.01	253.5114	2450.381	454.385	636.02	2192.188	257.0122	197.4846	17.22	1.0	754.83	3231.73
2022-01-09	2954.89	4677.03	161.49	1995.68	2444.5	1226.1	261.2867	2336.173	450.924	628.964	2173.591	255.0407	197.5503	18.76	1.0	743.18	3177.54
2022-01-16	2921.92	4662.85	160.17	1977.66	2473.22	1257.46	270.7112	2296.714	450.374	625.107	2169.624	255.2249	197.5916	19.19	1.25	744.41	3173.12
2022-01-23	2834.29	4397.94	158.09	1927.18	2499.26	1244.31	276.2107	2231.898	447.868	623.012	2169.81	254.1286	197.6536	28.85	1.25	712.8	3025.1
2022-01-30	2663.34	4431.85	155.39	1876.89	2332.8	1191.14	281.4125	2221.782	441.595	618.057	2162.813	253.5045	197.7206	27.66	1.25	705.12	3005.63
2022-02-06	2750.26	4500.53	154.36	1930.56	2395.75	1221.1	291.694	2222.771	441.636	618.315	2149.501	253.3623	197.7886	23.22	1.25	718.76	3061.46
2022-02-13	2747.71	4418.64	156.81	1962.61	2425.02	1240.51	294.016	2177.25	438.306	611.983	2140.068	251.867	197.8563	27.36	1.25	715.46	3039.18
2022-02-20	2744.52	4348.87	154.01	1924.31	2422.34	1231.77	294.252	2149.362	435.942	608.789	2143.973	252.1354	197.9243	27.75	1.25	703.34	2983.59
2022-02-27	2676.76	4384.65	151.68	1876.24	2330.99	1171.99	298.3754	2188.257	433.587	591.811	2138.926	252.818	197.9912	27.59	1.25	698.53	2980.2
2022-03-06	2713.43	4328.87	141.14	1844.94	2256.4	1144.91	358.1319	2214.04	426.828	564.218	2157.83	253.0708	198.0597	31.98	1.25	679.32	2896.52
2022-03-13	2661.28	4204.31	144.12	1799.54	2097.68	1085.66	344.9874	2184.595	420.655	557.554	2131.873	253.0235	198.1276	30.75	1.25	663.53	2840.05
2022-03-20	2707.02	4463.12	151.77	1909.27	2139.48	1122.98	337.8956	2245.763	423.767	568.992	2115.851	252.7189	198.1962	23.87	1.25	701.46	3010.59
2022-03-27	2729.98	4543.06	151.42	1981.47	2104.03	1125.01	363.9669	2254.266	422.411	563.537	2083.246	250.7265	198.2631	20.81	1.25	709.58	3049.11
2022-04-03	2739.85	4545.86	152.98	1944.27	2164.2	1145.85	335.8466	2344.347	425.634	562.228	2082.582	248.8086	198.3306	19.63	1.25	712.67	3057.07
2022-04-10	2700.39	4488.28	154.0	1896.79	2129.92	1127.93	336.2274	2354.159	420.674	553.481	2070.436	246.4862	198.3996	21.16	1.25	702.13	3012.19
2022-04-17	2696.06	4392.59	153.56	1896.31	2100.6	1112.9	358.0951	2319.727	417.788	547.631	2073.95	245.398	198.4366	22.7	1.5	690.21	2959.67
2022-04-24	2704.71	4271.78	151.34	1905.15	1963.65	1075.6	348.7801	2341.382	414.286	540.759	2059.154	245.2686	198.5116	28.21	1.5	671.63	2882.45
2022-05-01	2695.05	4131.93	150.49	1899.62	2008.92	1076.19	354.2813	2223.297	408.32	532.005	2063.246	246.0322	198.5887	33.4	1.5	653.67	2795.62
2022-05-08	2644.51	4123.34	143.89	1915.91	1894.98	1031.5	360.8158	2131.101	403.104	525.588	2056.972	244.2909	198.6657	30.19	1.5	643.67	2762.21
2022-05-15	2604.24	4023.89	144.97	1864.2	1901.01	1004.52	359.26	2060.295	398.185	521.186	2069.472	246.814	198.7411	28.87	1.5	629.19	2701.33
2022-05-22	2639.29	3901.36	144.06	1877.37	1984.2	1035.31	362.1355	2038.027	397.202	521.227	2076.192	246.5028	198.8151	29.43	1.5	621.89	2655.91
2022-05-29	2638.05	4158.24	148.41	1887.3	1959.87	1043.17	374.8961	2142.83	407.977	532.712	2082.587	247.0172	198.8591	25.72	1.75	652.84	2802.59
2022-06-05	2670.65	4108.54	147.2	1933.14	2022.62	1060.74	382.2489	2105.853	406.876	530.441	2067.066	245.5211	198.9426	24.79	1.75	649.16	2779.06
2022-06-12	2595.87	3900.86	141.52	1943.09	2126.92	1054.64	387.454	1982.492	397.552	517.297	2043.26	244.3731	199.027	27.75	1.75	620.31	2641.69
2022-06-19	2440.93	3674.84	135.07	1835.9	2102.81	1004.63	364.5427	1879.491	385.357	503.588	2036.13	239.9876	199.1095	31.13	1.75	584.55	2485.77
2022-06-26	2366.6	3911.74	138.4	1866.72	2173.42	1011.18	355.5541	2009.601	386.264	505.585	2051.574	241.8676	199.1896	27.23	1.75	612.67	2619.48
2022-07-03	2305.42	3825.33	136.64	1845.04	2180.26	992.84	348.1252	1989.366	378.596	500.742	2074.771	243.4174	199.2753	26.7	1.75	599.08	2559.95
2022-07-10	2350.61	3899.38	140.02	1887.43	2169.42	999.57	338.9102	1982.629	380.125	494.544	2055.503	245.2552	199.3647	24.64	1.75	608.58	2603.62
2022-07-17	2330.98	3863.16	138.93	1892.5	2033.51	961.85	325.4482	1970.025	378.798	485.568	2061.54	246.9247	199.3863	24.23	2.25	598.71	2568.64
2022-07-24	2393.14	3961.63	142.71	1955.97	2046.94	990.37	327.9108	2030.327	389.116	498.208	2077.497	246.0043	199.4956	23.03	2.25	617.71	2650.82
2022-07-31	2451.5	4130.29	146.91	1940.31	1995.76	993.78	342.3379	2123.959	395.222	508.786	2090.883	248.0074	199.5957	21.33	2.25	637.72	2746.37
2022-08-07	2490.8	4145.19	146.08	1947.17	1993.6	1002.87	321.5828	2092.636	397.276	512.428	2066.599	248.0066	199.7085	21.15	2.25	639.53	2752.06
2022-08-14	2527.94	4280.15	147.66	1973.18	2003.15	1016.83	335.74	2172.196	401.613	520.604	2067.823	246.3658	199.8212	19.53	2.25	657.57	2834.51
2022-08-21	2492.69	4228.48	146.73	1994.52	1964.46	1001.46	334.4469	2124.85	395.649	510.608	2059.092	246.3082	199.9335	20.6	2.25	646.81	2787.71
2022-08-28	2481.03	4057.66	143.09	1979.59	1983.38	1006.5	343.8642	2050.675	392.837	509.174	2052.352	242.4731	200.02	25.56	2.5	627.9	2694.62
2022-09-04	2409.41	3924.26	139.65	1930.17	1920.96	972.02	325.1415	1972.855	385.981	500.756	2048.069	241.3207	200.1378	25.47	2.5	606.98	2605.21
2022-09-11	2384.28	4067.36	141.06	1965.53	1933.09	970.29	325.4097	2044.693	389.933	502.622	2037.035	243.0337	200.2426	22.79	2.5	622.92	2682.9
2022-09-18	2382.78	3873.33	137.09	1938.56	1835.19	944.12	317.6266	1928.014	383.42	496.736	2023.418	241.3459	200.3771	26.3	2.5	597.59	2569.29
2022-09-25	2290.0	3693.23	131.18	1916.12	1753.39	905.84	304.9203	1804.025	374.334	483.477	1997.497	237.3941	200.4879	29.92	2.5	567.86	2438.5
2022-10-02	2155.49	3585.62	130.44	1835.94	1718.57	875.79	305.6459	1730.631	368.516	472.267	1994.335	237.4366	200.5967	31.62	2.5	553.37	2378.65
2022-10-09	2232.84	3639.66	131.8	1906.8	1733.28	897.74	336.2788	1670.228	372.765	474.939	1988.964	236.5456	200.7099	31.36	2.5	563.0	2417.72
2022-10-16	2212.55	3583.07	131.56	1898.19	1671.31	863.33	322.5904	1628.071	368.037	467.63	1979.42	236.5748	200.7924	32.02	3.0	552.08	2376.64
2022-10-23	2213.12	3752.75	133.26	1881.98	1624.19	865.04	319.3688	1660.515	368.259	463.509	1977.903	232.0305	200.9054	29.69	3.0	569.93	2462.42
2022-10-30	2268.4	3901.06	137.99	1899.05	1506.15	845.58	324.9607	1770.865	377.445	477.474	1992.053	236.0224	201.0419	25.75	3.0	588.95	2561.04
2022-11-06	2348.43	3770.55	140.09	1915.4	1639.06	884.98	339.9781	1742.928	374.073	477.309	1979.146	235.7061	201.1926	24.55	3.0	580.6	2507.22
2022-11-13	2483.16	3992.93	144.91	1977.76	1712.35	935.73	331.6002	1872.548	383.698	494.128	2011.357	238.7204	201.3448	22.52	3.0	618.66	2674.08
2022-11-20	2444.48	3965.34	145.37	1967.03	1752.95	943.01	317.3079	1842.47	387.237	502.273	2006.586	239.6958	201.5043	23.12	3.0	616.04	2658.9
2022-11-27	2437.86	4026.12	147.77	2018.0	1711.67	941.01	310.1577	1877.188	391.844	509.106	2013.719	241.3164	201.6647	20.5	3.25	625.15	2703.67
2022-12-04	2434.33	4071.7	148.76	1953.98	1826.88	973.85	313.5499	1886.267	396.488	519.185	2035.573	242.4037	201.8411	19.06	3.25	633.54	2733.03
2022-12-11	2389.04	3934.38	147.32	1961.56	1929.14	978.28	293.4843	1858.771	396.97	520.668	2027.417	243.7129	202.0196	22.83	3.25	619.36	2662.86
2022-12-18	2360.02	3852.36	142.44	1950.21	1884.42	957.3	301.7306	1822.911	397.392	521.249	2040.091	245.2376	202.1992	22.62	3.25	606.13	2606.01
2022-12-25	2313.69	3844.82	143.35	1897.94	1844.52	954.78	310.7501	1818.972	396.043	518.315	2025.973	243.5496	202.3803	20.87	3.25	605.79	2605.19
2023-01-01	2236.4	3839.5	142.5	1891.71	1872.02	956.38	312.9443	1815.476	394.272	517.227	2020.041	242.5893	202.564	21.67	3.25	605.38	2602.69
2023-01-08	2289.97	3895.08	149.25	1875.76	1987.6	988.68	294.0789	1855.03	401.146	520.919	2039.568	244.7478	202.7595	21.13	3.25	617.4	2649.76
2023-01-15	2386.09	3999.09	151.86	1903.08	2072.2	1029.84	311.2725	1937.649	409.106	531.63	2049.323	248.2802	202.9224	18.35	3.5	638.08	2735.72
2023-01-22	2395.26	3972.61	151.78	1926.87	2099.23	1036.24	316.6032	1929.035	409.364	535.573	2053.703	249.396	203.1107	19.85	3.5	636.4	2725.4
2023-01-29	2484.02	4070.56	152.68	1982.66	2139.39	1051.19	312.8744	1984.985	411.225	537.312	2050.012	249.3707	203.2839	18.51	3.5	649.94	2785.84
2023-02-05	2480.4	4136.48	154.51	1970.26	2076.63	1038.71	295.1975	2014.977	414.952	541.162	2047.587	251.3769	203.4711	18.33	3.5	656.26	2820.74
2023-02-12	2469.73	4090.46	153.64	1986.96	2027.04	1013.67	306.5946	1966.514	407.609	529.192	2029.418	249.6764	203.6373	20.53	3.5	646.87	2783.91
2023-02-19	2451.21	4079.09	155.87	1991.93	1976.63	999.42	298.2246	1940.572	404.291	524.269	2022.918	247.1895	203.7934	20.02	3.5	645.03	2779.88
2023-02-26	2423.61	3970.04	153.49	1988.4	1927.91	971.87	296.2098	1870.959	402.161	521.536	2009.114	248.3068	203.9488	21.67	3.5	628.0	2706.91
2023-03-05	2432.07	4045.64	155.69	2019.52	1985.1	988.03	305.5805	1891.329	404.309	520.431	2007.171	245.8036	204.1075	18.49	3.5	639.69	2757.97
2023-03-12	2394.59	3861.59	152.25	2031.58	1861.09	955.28	294.9953	1775.398	402.683	522.994	2030.493	248.1988	204.2628	24.8	3.5	616.6	2657.41
2023-03-19	2395.69	3916.64	146.55	1959.42	1887.59	951.56	277.4021	1781.44	399.784	521.616	2066.839	250.3557	204.4192	25.51	3.5	616.09	2656.19
2023-03-26	2414.96	3970.99	147.93	1955.32	1933.55	972.17	281.3734	1757.353	401.639	526.317	2077.713	252.7177	204.5813	21.74	3.5	625.06	2692.55
2023-04-02	2476.86	4109.31	153.83	2003.5	1965.41	990.28	293.9978	1840.05	408.422	530.272	2065.156	250.9437	204.7404	18.7	3.5	646.76	2791.44
2023-04-09	2490.41	4105.02	154.32	1965.44	1962.85	987.07	301.5081	1832.898	409.053	533.691	2084.188	252.5697	204.9042	18.4	3.5	646.31	2790.38
2023-04-16	2571.49	4137.64	156.92	2018.72	1957.17	1000.49	306.0406	1814.604	412.218	534.736	2067.755	252.7064	205.0691	17.07	3.5	654.57	2825.75
2023-04-23	2544.4	4133.52	157.7	2035.06	1909.29	980.74	295.2386	1839.249	410.644	531.114	2064.139	252.3751	205.2202	16.77	3.5	652.61	2823.07
2023-04-30	2501.53	4169.48	156.86	2057.48	1888.36	977.05	290.6423	1864.884	412.557	535.102	2079.025	251.7396	205.3745	15.78	3.5	655.0	2835.93
2023-05-07	2500.94	4136.25	156.44	2075.53	1894.98	981.66	280.6265	1857.226	411.133	535.006	2087.51	252.6124	205.508	17.19	3.5	652.45	2821.99
2023-05-14	2475.42	4124.08	156.51	2096.39	1850.91	973.0	277.089	1833.338	409.965	534.275	2085.352	252.7692	205.6861	17.03	3.5	649.22	2809.35
2023-05-21	2537.79	4191.98	157.63	2161.69	1834.05	977.24	279.4084	1789.417	408.045	528.314	2062.372	251.4349	205.8425	16.81	3.5	656.42	2842.76
2023-05-28	2558.81	4205.45	155.17	2145.84	1777.62	972.86	281.1782	1759.439	405.822	525.331	2045.029	248.7381	205.9982	17.95	3.5	653.05	2827.93
2023-06-04	2601.36	4282.37	155.22	2182.7	1791.6	984.36	280.52	1813.156	410.184	531.064	2055.077	250.5781	206.1588	14.6	3.5	663.25	2873.37
2023-06-11	2641.16	4298.86	154.4	2224.32	1797.56	1002.33	280.2763	1821.186	412.281	533.594	2050.056	249.3286	206.3203	13.83	3.5	667.08	2885.63
2023-06-18	2625.79	4409.59	156.74	2300.36	1870.8	1030.03	291.0444	1848.634	415.976	539.212	2045.78	249.1502	206.4821	13.54	3.5	684.89	2962.34
2023-06-25	2570.1	4348.33	152.32	2264.73	1766.48	991.91	282.8677	1764.315	413.069	540.031	2046.902	248.918	206.6453	13.44	3.5	669.76	2902.34
2023-07-02	2564.28	4450.38	155.25	2288.6	1753.37	989.48	282.2913	1844.407	415.067	540.761	2037.903	249.4833	206.807	13.59	3.5	682.84	2966.72
2023-07-09	2526.71	4398.95	150.39	2254.9	1736.77	980.66	288.2357	1848.112	413.297	536.851	2024.185	249.0032	206.9726	14.83	3.5	673.44	2924.19
2023-07-16	2628.3	4505.42	154.76	2239.1	1823.25	1028.49	294.9878	1907.073	421.815	550.841	2049.103	250.1306	207.1368	13.34	3.5	696.22	3017.94
2023-07-23	2609.76	4536.34	156.26	2262.2	1775.72	1014.58	301.3872	1898.589	420.5	550.174	2045.562	250.8656	207.3013	13.6	3.5	697.43	3028.71
2023-07-30	2608.32	4582.23	158.02	2290.61	1876.5	1043.2	309.8911	1874.398	421.111	551.165	2040.656	250.0607	207.4666	13.33	3.5	705.51	3057.84
2023-08-06	2602.8	4478.03	154.08	2274.63	1868.18	1018.02	310.2839	1827.828	419.517	547.094	2045.666	249.0872	207.631	17.1	3.5	689.0	2986.54
2023-08-13	2591.26	4464.05	154.14	2303.51	1797.14	997.72	311.2539	1836.401	420.022	547.437	2035.681	249.8111	207.7948	14.84	3.5	684.68	2972.73
2023-08-20	2504.5	4369.71	150.65	2237.29	1712.11	964.44	306.662	1780.855	416.032	538.873	2032.603	249.3574	207.9576	17.3	3.5	666.77	2897.5
2023-08-27	2519.14	4405.71	151.74	2266.4	1694.7	971.04	308.2324	1792.318	416.582	540.357	2029.036	248.9091	208.1209	15.68	3.5	670.23	2911.99
2023-09-03	2563.71	4515.77	153.89	2349.75	1742.38	985.68	315.5908	1818.739	420.318	543.81	2040.594	250.888	208.2855	13.09	3.5	687.26	2989.51
2023-09-10	2547.68	4457.49	152.85	2359.02	1714.21	973.86	320.1292	1796.929	419.181	540.903	2034.575	249.9113	208.4476	13.84	3.5	678.02	2948.81
2023-09-17	2601.28	4450.32	155.31	2428.38	1715.71	984.99	327.4784	1809.383	419.801	539.713	2031.709	249.6077	208.6056	13.79	3.5	681.34	2960.98
2023-09-24	2508.13	4320.06	152.44	2376.27	1707.67	964.24	323.8694	1719.052	417.665	536.569	2026.717	249.1232	208.7664	17.2	3.5	663.14	2879.85
2023-10-01	2465.07	4288.05	151.39	2323.39	1686.88	952.78	323.0374	1693.033	415.423	531.178	2026.613	248.857	208.8853	17.52	3.5	656.82	2853.24
2023-10-08	2408.73	4308.5	149.68	2264.08	1669.06	937.34	305.4977	1662.276	409.97	521.993	2019.153	246.5036	209.0987	17.45	3.5	654.04	2845.23
2023-10-15	2456.15	4327.78	151.24	2308.75	1675.73	951.31	318.1206	1696.044	412.24	526.852	2028.129	247.397	209.2642	19.32	3.5	658.54	2862.14
2023-10-22	2375.0	4224.16	146.02	2255.65	1600.26	925.58	320.7634	1626.998	408.514	522.025	2017.431	246.0064	209.4291	21.71	3.5	642.07	2791.24
2023-10-29	2302.81	4117.37	144.59	2254.65	1633.43	919.78	315.7535	1609.767	409.92	524.902	2026.165	247.3926	209.5944	21.27	3.5	629.46	2731.99
2023-11-05	2368.34	4358.34	149.29	2322.39	1648.89	948.26	308.5355	1742.871	420.183	538.525	2045.929	248.9913	209.7627	14.91	3.5	662.77	2883.8
2023-11-12	2409.66	4415.24	148.94	2336.72	1640.48	948.32	296.8756	1702.918	418.879	536.247	2034.914	251.2025	209.9312	14.17	3.5	666.26	2900.76
2023-11-19	2469.85	4514.02	152.99	2391.05	1655.4	976.52	296.0203	1781.851	424.396	545.814	2051.837	252.9469	210.1007	13.8	3.5	685.7	2985.19
2023-11-26	2496.63	4559.34	154.41	2390.94	1671.42	980.33	294.8477	1797.289	427.098	550.92	2049.711	253.2614	210.2713	12.46	3.5	692.15	3015.19
2023-12-03	2505.01	4594.63	156.47	2382.52	1638.45	982.14	291.7436	1875.494	431.604	556.99	2077.46	254.9168	210.4433	12.63	3.5	697.51	3040.7
2023-12-10	2517.85	4604.37	158.49	2324.47	1589.91	975.01	282.7338	1873.132	432.53	561.2	2070.948	256.8512	210.6143	12.35	3.5	698.32	3047.21
2023-12-17	2563.56	4719.19	159.82	2332.28	1601.46	1000.89	285.5231	1972.568	441.676	575.479	2097.819	259.2426	210.7871	12.28	3.5	716.45	3126.14
2023-12-24	2599.51	4754.63	160.11	2336.43	1553.17	992.28	288.7983	1979.885	445.337	579.869	2103.732	259.9957	210.9601	13.03	3.5	721.18	3152.26
2023-12-31	2655.28	4769.83	160.64	2366.39	1619.34	1023.74	284.5037	1998.871	447.125	581.963	2107.956	261.8345	211.1308	12.45	3.5	727.0	3169.18
2024-01-07	2578.08	4697.24	159.87	2393.54	1568.2	1002.08	287.7518	1962.915	442.681	572.799	2096.839	260.1062	211.3074	13.35	3.5	715.4	3120.55
2024-01-14	2525.05	4783.83	159.96	2494.23	1543.62	996.3	286.8627	1974.913	446.942	577.716	2114.118	260.5727	211.4832	12.7	3.5	724.77	3168.31
2024-01-21	2472.74	4839.81	157.56	2510.03	1479.85	970.91	287.1263	1924.558	444.344	572.491	2098.389	259.733	211.6593	13.3	3.5	724.32	3175.36
2024-01-28	2478.56	4890.97	162.46	2497.65	1520.21	985.1	299.1817	1912.876	446.837	574.106	2100.489	259.8819	211.8289	13.26	3.5	733.77	3216.23
2024-02-04	2615.31	4958.61	162.54	2539.68	1451.92	988.21	287.7554	1911.72	446.835	576.681	2104.578	261.2169	211.9971	13.85	3.5	740.45	3247.64
2024-02-11	2620.32	5026.61	162.77	2557.88	1517.26	995.53	297.6788	1909.371	447.18	574.637	2094.981	259.9821	212.1423	12.93	3.5	747.93	3281.42
2024-02-18	2648.76	5005.57	165.0	2624.73	1550.61	1016.23	297.6418	1907.478	446.509	575.025	2084.582	259.4025	212.3343	14.24	3.5	750.24	3285.12
2024-02-25	2667.7	5088.8	166.91	2660.71	1596.43	1028.31	293.372	1920.674	449.04	578.668	2085.871	259.5124	212.5039	13.75	3.5	761.18	3334.04
2024-03-03	2642.36	5137.08	166.96	2709.42	1600.22	1024.68	300.6811	1953.534	449.631	581.052	2096.563	259.6402	212.6499	13.11	3.5	767.07	3364.04
2024-03-10	2680.35	5123.69	168.91	2726.8	1585.11	1037.09	297.8879	1989.123	453.289	587.814	2105.854	261.6085	212.8424	14.74	3.5	771.3	3380.14
2024-03-17	2666.84	5117.09	169.4	2670.8	1621.24	1034.74	306.0778	1929.209	451.947	584.076	2085.684	261.0712	213.0152	14.41	3.5	767.62	3363.03
2024-03-24	2748.56	5234.18	170.95	2813.22	1602.79	1039.32	305.5981	1926.557	453.223	589.165	2098.202	261.8565	213.1848	13.06	3.5	781.32	3428.12
2024-03-31	2746.63	5254.35	171.86	2768.62	1601.84	1043.2	309.8749	1969.355	453.716	589.785	2097.684	261.6734	213.3543	13.01	3.5	783.58	3437.76
2024-04-07	2714.21	5204.34	169.8	2702.62	1613.08	1045.71	320.2695	1911.63	452.28	588.613	2087.095	261.8518	213.53	16.03	3.5	776.51	3402.36
2024-04-14	2681.82	5123.41	169.48	2759.64	1597.44	1041.7	318.4228	1859.238	448.378	582.378	2075.333	261.1418	213.6999	17.31	3.5	765.67	3351.01
2024-04-21	2591.86	4967.23	167.45	2626.32	1589.15	1004.17	314.1364	1800.702	446.341	579.149	2069.568	260.6781	213.8671	18.71	3.5	743.28	3255.62
2024-04-28	2656.33	5099.96	170.5	2686.48	1673.85	1041.52	317.1559	1823.462	448.687	579.543	2069.021	259.5937	214.0371	15.03	3.5	762.39	3335.08
2024-05-05	2676.63	5127.79	169.55	2728.53	1718.96	1061.45	305.0488	1860.749	453.247	586.001	2086.647	260.647	214.2027	13.49	3.5	769.29	3361.41
2024-05-12	2727.63	5222.68	174.65	2728.21	1753.28	1071.64	306.7517	1895.674	454.093	588.604	2086.455	261.6594	214.3683	12.55	3.5	782.06	3419.92
2024-05-19	2724.62	5303.27	175.23	2745.62	1798.33	1099.79	312.1832	1948.015	457.105	593.853	2093.629	262.8172	214.5336	11.99	3.5	794.96	3472.52
2024-05-26	2687.6	5304.72	174.46	2742.54	1727.65	1082.98	309.1062	1877.392	456.435	590.885	2088.659	262.4553	214.6999	11.93	3.5	791.57	3462.13
2024-06-02	2636.52	5277.51	173.67	2772.49	1691.27	1048.96	304.6327	1911.986	456.423	591.132	2092.628	261.8242	214.8657	12.92	3.5	785.54	3445.17
2024-06-09	2722.67	5346.99	175.74	2755.03	1704.91	1073.14	299.9423	1913.673	457.962	591.896	2096.613	264.3536	215.0323	12.22	3.5	794.24	3478.7
2024-06-16	2758.42	5431.6	171.66	2746.61	1683.87	1076.89	305.9579	1930.006	457.779	593.364	2115.435	265.337	215.1997	12.66	3.5	797.26	3492.05
2024-06-23	2784.26	5464.62	172.96	2724.69	1668.23	1086.93	308.0692	1926.652	458.747	593.379	2114.289	266.2475	215.3666	13.2	3.5	801.25	3507.81
2024-06-30	2797.82	5460.48	171.72	2809.63	1636.78	1086.25	307.7128	1939.149	459.248	592.743	2111.116	266.1248	215.5359	12.44	3.5	802.01	3511.78
2024-07-07	2862.23	5567.19	173.32	2884.18	1637.83	1104.88	312.3466	1941.994	461.452	596.712	2122.051	267.3914	215.7189	12.48	3.5	817.59	3580.9
2024-07-14	2857.0	5615.35	175.77	2894.56	1672.83	1123.56	306.6708	2024.056	465.745	603.249	2134.941	268.1993	215.8883	12.46	3.5	828.56	3627.52
2024-07-21	2795.46	5505.0	170.89	2860.83	1629.85	1089.61	297.8091	2044.857	466.4	601.217	2132.027	268.754	216.0577	16.52	3.5	810.87	3553.76
2024-07-28	2731.9	5459.1	171.84	2699.54	1584.71	1072.28	294.2901	2036.153	467.328	602.664	2140.01	269.4816	216.2288	16.39	3.5	803.48	3524.08
2024-08-04	2676.19	5346.56	166.88	2537.6	1577.16	1061.23	285.6006	2097.971	468.022	609.029	2179.46	271.2986	216.3955	23.39	3.5	787.21	3448.8
2024-08-11	2588.43	5344.16	167.38	2483.3	1589.96	1063.43	291.2737	2093.298	468.93	608.626	2166.638	270.9586	216.563	20.37	3.5	787.16	3447.75
2024-08-18	2697.23	5554.25	171.44	2678.6	1607.76	1093.65	290.9176	2100.766	472.877	614.657	2169.709	271.7215	216.7197	14.8	3.5	817.41	3584.19
2024-08-25	2701.69	5634.61	173.64	2684.72	1605.71	1100.68	291.1195	2170.064	477.595	621.218	2180.805	271.1006	216.8785	15.86	3.5	831.34	3649.56
2024-09-01	2674.31	5648.4	176.03	2712.63	1607.57	1099.92	289.1227	2184.914	477.705	619.947	2177.112	270.3256	217.037	15.0	3.5	833.68	3661.24
2024-09-08	2544.28	5408.42	169.7	2597.42	1566.31	1074.89	275.2846	2195.166	478.906	622.75	2197.55	271.5917	217.1966	22.38	3.5	802.57	3518.58
2024-09-15	2575.41	5626.02	172.81	2571.14	1547.74	1082.3	280.2442	2272.797	480.194	625.558	2204.651	272.884	217.3553	16.56	3.5	826.93	3634.86
2024-09-22	2593.37	5702.55	172.1	2642.35	1602.29	1106.44	287.9716	2247.498	484.338	630.453	2202.279	272.4521	217.5131	16.15	3.5	837.37	3676.84
2024-09-29	2649.78	5738.17	176.82	2740.94	1870.82	1174.52	287.7133	2246.687	486.062	632.39	2203.353	272.5347	217.6728	16.96	3.5	852.84	3726.8
2024-10-06	2569.71	5751.07	173.72	2694.07	2069.19	1179.34	300.9094	2203.986	483.91	628.436	2178.427	272.9478	217.833	19.21	3.5	847.4	3698.41
2024-10-13	2596.91	5815.03	174.95	2706.2	1941.61	1159.56	301.5769	2192.521	482.508	625.448	2175.321	272.1775	218.0113	20.46	3.25	852.73	3731.93
2024-10-20	2593.82	5864.67	175.89	2688.98	1909.44	1155.12	286.6748	2246.818	483.449	626.31	2177.25	272.1093	218.1659	18.03	3.25	856.71	3753.04
2024-10-27	2583.27	5808.12	173.87	2618.32	1900.87	1134.88	294.3952	2206.87	481.603	622.428	2164.39	272.5274	218.3188	20.33	3.25	845.49	3705.81
2024-11-03	2542.36	5728.8	171.15	2644.26	1881.72	1122.28	288.1893	2143.333	481.748	620.227	2154.22	272.3259	218.4717	21.88	3.25	835.15	3660.03
2024-11-10	2561.15	5995.54	169.51	2742.15	1938.66	1135.65	289.4713	2183.637	483.968	624.045	2156.925	273.1607	218.626	14.94	3.25	863.02	3791.23
2024-11-17	2416.86	5870.62	168.35	2711.64	1832.04	1085.0	282.4442	2148.241	480.29	617.269	2150.68	272.8657	218.7804	16.14	3.25	842.61	3710.5
2024-11-24	2501.24	5969.34	170.28	2696.53	1792.08	1087.27	293.1633	2190.167	480.404	617.048	2151.419	274.2399	218.9351	15.24	3.25	854.13	3765.96
2024-12-01	2455.91	6032.38	170.79	2680.71	1809.09	1078.57	287.0103	2230.93	483.579	624.051	2169.993	277.7756	219.1156	13.51	3.0	862.49	3810.14
2024-12-08	2428.16	6090.27	174.2	2727.22	1847.85	1105.08	284.8608	2173.506	485.84	627.91	2175.837	278.6629	219.2643	12.77	3.0	873.73	3855.07
2024-12-15	2494.46	6051.09	172.87	2746.56	1844.67	1107.01	293.4832	2122.616	484.209	623.599	2161.74	279.447	219.4113	13.81	3.0	866.14	3817.24
2024-12-22	2404.15	5930.85	168.03	2701.99	1829.02	1072.25	289.6006	2027.548	480.279	616.149	2154.244	276.5485	219.5543	18.36	3.0	844.23	3723.22
2024-12-29	2404.77	5970.84	169.73	2801.68	1850.64	1082.87	291.7922	2038.806	480.725	615.749	2151.445	275.6846	219.705	15.95	3.0	851.62	3755.36
2025-01-05	2441.92	5942.47	170.09	2784.92	1781.5	1073.21	297.4258	2052.21	481.087	614.933	2156.993	278.0425	219.8727	16.13	3.0	847.22	3737.5
2025-01-12	2515.78	5827.04	171.42	2714.12	1721.6	1057.1	307.8137	1976.959	479.214	611.054	2146.341	277.8866	220.033	19.54	3.0	833.86	3678.22
2025-01-19	2523.55	5996.66	175.44	2679.42	1771.51	1070.12	312.6378	2061.367	482.779	615.222	2159.854	278.5439	220.1841	15.97	3.0	855.23	3777.85
2025-01-26	2536.8	6101.24	177.57	2751.04	1816.29	1090.02	308.9525	2084.472	486.436	620.621	2162.101	278.0154	220.3241	14.85	3.0	872.91	3856.78
2025-02-02	2517.37	6040.53	180.77	2788.66	1824.44	1093.37	303.9619	2073.178	486.512	621.747	2170.89	278.2144	220.4662	16.43	3.0	869.04	3836.58
2025-02-09	2521.92	6025.99	182.03	2737.23	1889.89	1108.48	304.5712	2099.513	486.807	623.518	2170.066	278.9454	220.612	16.54	3.0	869.44	3832.82
2025-02-16	2591.05	6114.63	185.27	2759.21	1988.8	1125.23	307.4427	2112.532	490.01	627.665	2173.053	279.0375	220.7584	14.77	3.0	884.24	3898.87
2025-02-23	2654.58	6013.13	185.79	2736.53	2046.13	1147.3	307.4283	2122.033	489.738	626.894	2180.465	279.3049	220.9112	18.21	3.0	874.54	3843.08
2025-03-02	2532.78	5954.5	187.06	2682.09	1971.56	1097.25	298.8883	2153.49	490.879	629.646	2201.818	281.397	221.0673	19.63	2.75	862.95	3805.33
2025-03-09	2563.48	5770.2	185.39	2708.59	2068.55	1128.55	297.6302	2125.55	493.428	633.897	2197.662	280.9365	221.2062	23.37	2.75	852.1	3740.37
2025-03-16	2566.36	5638.94	183.12	2715.85	2080.09	1119.61	297.6102	2082.172	490.757	632.217	2199.433	280.7321	221.3409	21.77	2.75	836.14	3665.71
2025-03-23	2643.13	5667.56	184.19	2804.16	2038.76	1131.38	301.1295	2084.215	492.321	633.385	2208.136	281.2188	221.4761	19.28	2.75	841.99	3689.85
2025-03-30	2557.98	5580.94	181.57	2757.25	2022.58	1120.72	302.3658	2090.571	490.772	631.889	2212.486	280.5679	221.6106	21.65	2.75	829.89	3634.71
2025-04-06	2465.42	5074.08	166.33	2482.06	1969.73	1087.59	281.9691	1974.098	483.681	630.064	2234.278	282.8433	221.7499	45.31	2.75	764.29	3326.28
2025-04-13	2432.72	5363.36	163.0	2466.91	1845.11	1045.2	283.3969	1967.122	482.597	622.242	2204.065	282.835	221.8937	37.56	2.75	790.63	3471.27
2025-04-20	2483.42	5282.7	169.45	2559.15	1870.17	1068.59	290.6106	2049.876	488.917	632.589	2223.112	284.1659	222.0286	29.65	2.75	793.42	3476.06
2025-04-27	2546.3	5525.21	174.17	2628.03	1916.36	1097.1	289.8975	2052.15	494.84	640.263	2229.36	284.5414	222.1603	24.84	2.75	824.74	3618.48
2025-05-04	2559.79	5686.67	179.49	2687.78	1942.8	1133.27	280.7091	2132.369	495.529	638.57	2227.35	284.7268	222.296	22.68	2.75	849.25	3724.62
2025-05-11	2577.27	5659.91	179.9	2733.49	1964.48	1138.4	286.7741	2119.259	496.116	637.85	2223.078	283.6885	222.4304	21.9	2.75	847.0	3711.68
2025-05-18	2626.87	5958.38	183.66	2740.45	2001.27	1172.38	287.5937	2132.016	499.206	640.811	2217.461	283.6874	222.5655	17.24	2.75	880.62	3863.29
2025-07-06	3054.28	6279.35	180.8	2827.95	2024.42	1231.63	299.7586	2148.545	515.007	668.203	2240.578	282.2521	223.4805	17.48	2.5	925.73	4061.43
2025-07-13	3175.77	6259.75	182.81	2823.24	2040.66	1229.13	302.0662	2128.212	513.509	664.481	2239.354	282.8014	223.6032	16.4	2.5	922.56	4046.84
2025-07-20	3188.07	6296.79	182.53	2834.48	2096.86	1249.38	302.8763	2145.552	513.682	663.666	2243.201	282.1414	223.728	16.41	2.5	927.99	4065.68
2025-07-27	3196.05	6388.64	183.51	2951.86	2151.04	1257.78	299.2797	2178.115	516.452	668.787	2244.837	282.5611	223.8519	14.93	2.5	941.26	4127.47
2025-05-25	2592.09	5802.82	182.28	2735.52	2007.88	1170.98	288.6205	2081.17	499.334	642.979	2220.344	282.8444	222.6998	22.29	2.75	868.15	3802.77
2025-06-01	2697.67	5911.69	183.4	2801.57	1964.15	1157.34	283.0501	2135.854	502.275	646.571	2230.439	283.1692	222.8555	18.57	2.5	879.5	3863.48
2025-06-08	2812.05	6000.36	185.26	2769.33	2002.35	1182.93	294.3056	2135.659	504.302	649.514	2218.537	281.4251	222.9621	16.77	2.5	891.96	3914.72
2025-06-15	2894.62	5976.97	182.28	2756.47	2004.23	1190.03	308.3587	2135.039	506.543	655.192	2229.155	281.9696	223.1038	20.82	2.5	889.69	3900.9
2025-06-22	3021.84	5967.84	179.39	2771.26	1981.64	1189.85	315.1867	2132.043	507.19	655.013	2235.076	281.7842	223.2284	20.62	2.5	885.76	3881.69
2025-06-29	3055.94	6173.07	181.65	2840.54	2029.88	1228.53	296.0437	2115.514	512.362	662.78	2248.128	282.358	223.352	16.32	2.5	914.79	4009.04
2025-08-03	3119.41	6238.01	178.62	2948.65	2085.81	1226.18	299.5628	2104.027	514.73	669.01	2262.741	282.6886	223.976	20.38	2.5	917.39	4022.69
2025-08-10	3210.01	6389.45	182.4	3024.21	2125.89	1253.79	295.7655	2110.47	517.594	673.965	2258.077	283.8445	224.1008	15.15	2.5	940.51	4125.3
2025-08-17	3225.66	6449.8	184.8	3107.68	2185.5	1272.43	294.0176	2116.596	519.774	677.799	2259.55	283.6697	224.2071	15.09	2.5	952.02	4174.56
2025-08-24	3168.73	6466.91	187.34	3100.87	2238.59	1266.55	300.0023	2158.579	520.713	678.648	2267.707	282.9527	224.3498	14.22	2.5	955.29	4192.8
2025-08-31	3186.01	6460.26	183.78	3075.18	2256.55	1258.44	302.5412	2157.477	522.282	679.035	2275.457	283.4325	224.472	15.36	2.5	951.57	4177.72
2025-09-07	3205.12	6481.5	183.64	3105.31	2275.99	1276.05	299.0062	2148.558	524.19	683.413	2284.072	282.9633	224.598	15.18	2.5	955.71	4191.23
2025-09-14	3395.54	6584.29	185.42	3160.49	2354.91	1325.73	302.5316	2165.116	525.755	686.588	2282.41	283.9973	224.7222	14.76	2.5	972.15	4252.63
2025-09-21	3445.24	6664.36	185.3	3147.68	2365.98	1340.91	301.1985	2135.787	527.387	685.48	2280.882	284.3893	224.846	15.45	2.5	981.75	4293.85
2025-09-28	3386.05	6643.7	185.48	3187.02	2355.62	1325.58	309.7528	2152.105	525.605	685.775	2274.804	282.6624	224.9701	15.29	2.5	976.95	4276.23
2025-10-05	3549.21	6715.79	190.78	3129.17	2436.72	1373.89	301.3759	2169.136	526.879	688.301	2280.914	282.535	225.0782	16.65	2.5	993.21	4337.29
2025-10-12	3610.6	6552.51	188.7	3197.59	2379.45	1365.67	297.3038	2107.164	521.323	684.523	2287.889	282.7405	225.2175	21.66	2.5	972.25	4237.72
2025-10-19	3748.89	6664.01	189.52	3170.44	2299.26	1361.6	297.0713	2173.22	524.398	688.598	2295.19	283.8917	225.3448	20.78	2.5	983.9	4296.41